# t (s)	mx ()	my ()	mz ()	m_zrange0-20_x ()	m_zrange0-20_y ()	m_zrange0-20_z ()	m_zrange21-31_x ()	m_zrange21-31_y ()	m_zrange21-31_z ()	m_zrange32-52_x ()	m_zrange32-52_y ()	m_zrange32-52_z ()
0	-0.5769231	0	0	-1	0	0	1	0	0	-1	0	0
1e-11	-0.5760219	0.0022649686	0.002712591	-0.9986822	0.0026332724	0.0037044887	0.99941456	0.0012447473	-0.0007124808	-0.9986823	0.002633271	0.0037044883
2.0000000000000086e-11	-0.5751844	0.008296471	0.0051780576	-0.99674475	0.009856766	0.0067931474	0.99602014	0.0037145938	-0.0002466866	-0.99674475	0.009856761	0.0067931465
3.000000000000022e-11	-0.5736278	0.016581643	0.007274873	-0.9930481	0.020391282	0.008989007	0.98932743	0.0046594273	0.0018733118	-0.9930481	0.020391274	0.008989005
4.0000000000000056e-11	-0.56963974	0.025331141	0.00900432	-0.98619235	0.032619625	0.010340417	0.98264325	0.0012434551	0.0054607997	-0.9861925	0.032619618	0.010340413
5.009999999999989e-11	-0.56042063	0.033063233	0.010347951	-0.9731933	0.045108113	0.010984138	0.9785857	-0.008503608	0.009872812	-0.97319317	0.04510809	0.010984129
6.009999999999985e-11	-0.5437127	0.038498722	0.011131554	-0.95084083	0.05618037	0.010980615	0.97605723	-0.024528053	0.013961631	-0.9508408	0.056180336	0.010980606
7.000000000000033e-11	-0.51615775	0.04096772	0.011249498	-0.9142686	0.06453401	0.010472615	0.97305405	-0.045103785	0.016606951	-0.9142686	0.064533964	0.010472609
8.000000000000081e-11	-0.48020726	0.040882148	0.010853158	-0.86572015	0.07003784	0.009823566	0.9658024	-0.06756406	0.017142154	-0.86572015	0.070037775	0.009823568
9.000000000000129e-11	-0.4459615	0.040273786	0.010295808	-0.8161621	0.07408665	0.009393775	0.9456484	-0.08692278	0.015963087	-0.8161621	0.07408659	0.009393783
1.0000000000000177e-10	-0.4208799	0.04140484	0.009887621	-0.7740743	0.07855832	0.009278382	0.9077217	-0.09892797	0.014302073	-0.77407426	0.07855825	0.009278392
1.1000000000000226e-10	-0.40252495	0.044631857	0.009633324	-0.7387713	0.08383606	0.009291303	0.8619555	-0.10325843	0.012928067	-0.7387713	0.083836004	0.009291306
1.2000000000000274e-10	-0.37937534	0.0478166	0.009242278	-0.6992496	0.08800028	0.008998755	0.82424676	-0.10335467	0.012064826	-0.69924957	0.08800022	0.008998751
1.3000000000000322e-10	-0.34489962	0.048509598	0.00832287	-0.64769256	0.08894253	0.008220211	0.79729205	-0.103520095	0.010398091	-0.64769256	0.08894247	0.008220207
1.400000000000037e-10	-0.30252483	0.04705239	0.0070053805	-0.5862956	0.08666752	0.00737152	0.7720533	-0.10199758	0.006941891	-0.58629555	0.08666748	0.007371524
1.5000000000000419e-10	-0.25845253	0.04499244	0.0059113028	-0.5212495	0.08200183	0.006412536	0.7410447	-0.09404657	0.005088604	-0.5212495	0.08200179	0.0064125494
1.6000000000000467e-10	-0.21697052	0.042243123	0.005237826	-0.45648494	0.07547932	0.005137873	0.69769317	-0.08225297	0.0066851713	-0.45648488	0.075479284	0.005137889
1.7000000000000515e-10	-0.17786282	0.038200922	0.004752619	-0.39042127	0.067715004	0.0040488956	0.63679826	-0.07221515	0.008518011	-0.3904212	0.067714974	0.004048909
1.8000000000000563e-10	-0.13686498	0.03206343	0.004834147	-0.31793246	0.05865275	0.0040559196	0.56003183	-0.06788115	0.0089138765	-0.31793237	0.058652736	0.004055926
1.9000000000000612e-10	-0.090445444	0.022148915	0.0059906985	-0.23634818	0.046811245	0.005694085	0.4750762	-0.07207063	0.00837529	-0.23634808	0.04681124	0.005694084
2.000000000000066e-10	-0.03744766	0.006677081	0.008025181	-0.14753151	0.029994134	0.008724894	0.39539796	-0.085255705	0.006831373	-0.14753139	0.029994134	0.008724889
2.1000000000000708e-10	0.019015543	-0.013377269	0.009610562	-0.059155427	0.008026843	0.0113068195	0.33550236	-0.10166918	0.00474765	-0.059155334	0.008026852	0.011306816
2.2000000000000756e-10	0.07026376	-0.03346793	0.009059863	0.015731435	-0.015820088	0.010567938	0.30244565	-0.110752895	0.004839522	0.015731532	-0.015820082	0.010567944
2.3000000000000805e-10	0.10863508	-0.05019506	0.0064301686	0.067191765	-0.037280083	0.0060628885	0.29613525	-0.111894	0.0091852965	0.06719185	-0.03728008	0.0060629025
2.4000000000000667e-10	0.1329496	-0.06263193	0.0031475073	0.0954134	-0.052523315	0.00032355526	0.30968428	-0.115592755	0.0150727825	0.09541346	-0.052523326	0.0003235735
2.5000000000000457e-10	0.14609984	-0.07061683	0.00027087846	0.107007906	-0.060383894	-0.0045264266	0.3316874	-0.12567185	0.019514244	0.10700796	-0.060383923	-0.004526413
2.6000000000000246e-10	0.15235594	-0.07414583	-0.0036022444	0.10991011	-0.06134685	-0.009431152	0.3526105	-0.14017086	0.018992921	0.10991013	-0.06134687	-0.009431148
2.7000000000000036e-10	0.15651597	-0.07231572	-0.0097627	0.111359894	-0.055725478	-0.015843842	0.36844346	-0.15313978	0.01260933	0.11135987	-0.055725496	-0.015843842
2.8009999999999824e-10	0.15983078	-0.061771993	-0.016806934	0.11283177	-0.040700383	-0.022587355	0.37979305	-0.15841284	0.002953366	0.112831734	-0.040700383	-0.022587355
2.9009999999999613e-10	0.16202228	-0.04190255	-0.021645673	0.112850145	-0.015284723	-0.02655739	0.39111543	-0.15675434	-0.0063279374	0.11285009	-0.015284722	-0.026557386
3.0009999999999403e-10	0.16417617	-0.016264237	-0.020987945	0.11057873	0.015963228	-0.02495001	0.41140142	-0.14842695	-0.009337245	0.110578656	0.01596323	-0.024950014
3.1009999999999193e-10	0.16666661	0.009223453	-0.01462752	0.10496366	0.046433307	-0.017750192	0.44681185	-0.13777128	-0.0050623403	0.104963586	0.04643331	-0.017750192
3.2009999999998983e-10	0.16928758	0.026108155	-0.005611984	0.09806745	0.06845336	-0.007750696	0.48802572	-0.13805106	0.0018204745	0.09806736	0.068453364	-0.0077507
3.300999999999877e-10	0.17151543	0.029561725	0.0016885953	0.093257606	0.07684133	0.00060241605	0.51884985	-0.15364432	0.006371046	0.09325753	0.07684132	0.0006024089
3.400999999999856e-10	0.17414372	0.020336308	0.004845411	0.093186595	0.070487514	0.005122525	0.53280115	-0.17620113	0.004706045	0.09318651	0.07048747	0.0051225205
3.500999999999835e-10	0.17836934	0.001969885	0.0039540166	0.097823665	0.051161606	0.005852902	0.5362261	-0.1944029	-0.00285071	0.09782356	0.05116155	0.005852898
3.600999999999814e-10	0.18530276	-0.019849923	0.0014848755	0.106244996	0.025160098	0.005024163	0.53859454	-0.20385988	-0.01237529	0.106244884	0.025160048	0.0050241584
3.700999999999793e-10	0.19324091	-0.037891913	-0.0020595256	0.11594137	0.0019489467	0.0029594619	0.54108757	-0.2048337	-0.022547359	0.115941264	0.001948907	0.0029594512
3.800999999999772e-10	0.20117776	-0.04711401	-0.0064298618	0.12598398	-0.01279261	-4.492374e-05	0.5421886	-0.19382238	-0.033255547	0.12598386	-0.012792622	-4.4941342e-05
3.900999999999751e-10	0.20943274	-0.047524754	-0.010320916	0.1372746	-0.019720146	-0.0027113664	0.539952	-0.16824813	-0.04282326	0.13727446	-0.019720152	-0.0027113874
4.00099999999973e-10	0.21685937	-0.04168415	-0.013867245	0.1497167	-0.022007266	-0.0054432303	0.5288023	-0.12872848	-0.05033671	0.14971659	-0.022007283	-0.0054432526
4.100999999999709e-10	0.22200797	-0.033501532	-0.017178142	0.16201684	-0.02304076	-0.008778481	0.5063744	-0.082044855	-0.05421238	0.16201672	-0.023040801	-0.008778498
4.200999999999688e-10	0.22569071	-0.025768023	-0.020013958	0.17350754	-0.025002252	-0.012188232	0.47956166	-0.033984616	-0.05531963	0.17350748	-0.025002304	-0.01218824
4.300999999999667e-10	0.22918044	-0.018703897	-0.022370297	0.1845556	-0.027916957	-0.015082893	0.45351595	0.014407662	-0.055993974	0.18455556	-0.027917013	-0.015082886
4.400999999999646e-10	0.23261696	-0.012135943	-0.02432404	0.19500461	-0.032006375	-0.017909389	0.4295898	0.06491868	-0.05484748	0.19500461	-0.032006416	-0.017909374
4.500999999999625e-10	0.23822553	-0.005201381	-0.026041659	0.20704477	-0.03661613	-0.02126655	0.41059357	0.11941743	-0.05035045	0.20704484	-0.03661617	-0.021266539
4.600999999999604e-10	0.24846952	0.0023756507	-0.026313543	0.22371385	-0.040192213	-0.022864712	0.39718583	0.17312232	-0.045371592	0.22371396	-0.040192243	-0.022864703
4.700999999999606e-10	0.26353848	0.008992819	-0.02350113	0.24639718	-0.04257468	-0.019816156	0.384811	0.21706143	-0.042941283	0.24639733	-0.042574707	-0.019816142
4.800999999999636e-10	0.28163534	0.01297379	-0.018091867	0.2735602	-0.044262603	-0.013260675	0.3702627	0.2445142	-0.04103505	0.27356035	-0.044262636	-0.013260655
4.900999999999667e-10	0.2994638	0.014336316	-0.011670461	0.30085889	-0.04541688	-0.005886622	0.35377613	0.25621644	-0.037139963	0.30085897	-0.04541693	-0.0058865948
5.000999999999698e-10	0.31236738	0.013330027	-0.005140418	0.32207	-0.04826114	0.0010664724	0.3360301	0.26236087	-0.030996108	0.32207006	-0.048261233	0.0010664964
5.100999999999728e-10	0.31759232	0.01013599	0.00033097973	0.33393997	-0.05489863	0.0067244484	0.31572032	0.2723019	-0.025176715	0.33393997	-0.05489876	0.0067244573
5.200999999999759e-10	0.31503326	0.006105607	0.003537804	0.33697587	-0.0644841	0.009927811	0.29026955	0.2896858	-0.021314634	0.33697584	-0.06448422	0.009927796
5.30099999999979e-10	0.3070603	0.0013450243	0.0034599367	0.333507	-0.076402396	0.009409265	0.2626859	0.31260392	-0.019645315	0.3335069	-0.0764025	0.009409229
5.40099999999982e-10	0.29760215	-0.004160785	0.0009217748	0.32701787	-0.08974036	0.0061273267	0.23945972	0.33732548	-0.019715983	0.32701784	-0.08974043	0.0061272783
5.500999999999851e-10	0.29028466	-0.0085061425	-0.0019067673	0.32133844	-0.10183449	0.0023584974	0.22412673	0.3631061	-0.019349094	0.32133833	-0.101834536	0.0023584557
5.600999999999882e-10	0.28659838	-0.009840413	-0.0048113805	0.31870568	-0.110840894	-0.0014839902	0.21548896	0.3921935	-0.019083168	0.31870565	-0.11084094	-0.001484012
5.700999999999912e-10	0.2868876	-0.0076976013	-0.008333346	0.32005614	-0.11569196	-0.005785784	0.21159077	0.4227404	-0.020190246	0.3200562	-0.115692005	-0.0057857907
5.800999999999943e-10	0.2906552	-0.002000427	-0.011644046	0.32544428	-0.11488116	-0.009614907	0.20962954	0.4491225	-0.022089422	0.32544437	-0.114881195	-0.009614903
5.900999999999974e-10	0.29593053	0.0074667013	-0.012781545	0.33342972	-0.10759379	-0.010786386	0.20511964	0.46920198	-0.023318546	0.33342987	-0.10759381	-0.010786357
6.000000000000004e-10	0.29968104	0.019540133	-0.011372907	0.3414382	-0.095909454	-0.008761432	0.19258806	0.4852465	-0.024093485	0.3414384	-0.095909454	-0.008761384
6.100000000000035e-10	0.30007875	0.03111319	-0.009730801	0.34817702	-0.084466636	-0.006174635	0.16770089	0.49965516	-0.025901705	0.34817725	-0.08446662	-0.006174593
6.200000000000065e-10	0.29840693	0.03985922	-0.010328046	0.354909	-0.0761904	-0.0064160777	0.13207933	0.5120295	-0.028041545	0.3549093	-0.076190375	-0.0064160703
6.300000000000096e-10	0.29802898	0.045523323	-0.013305394	0.36485353	-0.07147559	-0.009643025	0.09033604	0.52262354	-0.030615885	0.3648538	-0.07147555	-0.009643058
6.400000000000127e-10	0.30065855	0.048095994	-0.016901424	0.38024548	-0.069243416	-0.012951883	0.04244215	0.5270728	-0.036079776	0.38024575	-0.069243394	-0.012951928
6.500000000000157e-10	0.30481836	0.048204474	-0.018595247	0.39953512	-0.06712333	-0.0134984255	-0.013085234	0.5191566	-0.042701524	0.39953527	-0.06712333	-0.013498448
6.600000000000188e-10	0.30846375	0.046562575	-0.017863652	0.41906756	-0.06385919	-0.011334591	-0.07225895	0.49756217	-0.047552664	0.41906768	-0.06385921	-0.011334578
6.700000000000219e-10	0.31106016	0.042813286	-0.016025864	0.43612266	-0.0605857	-0.008773963	-0.12697807	0.46497202	-0.048238706	0.4361228	-0.060585737	-0.008773929
6.80000000000025e-10	0.31363022	0.037839808	-0.014877646	0.45005688	-0.05778981	-0.0083484445	-0.16935046	0.4279264	-0.043970037	0.45005694	-0.057789873	-0.008348415
6.90000000000028e-10	0.31650555	0.034320477	-0.015115504	0.46117944	-0.054285157	-0.010552952	-0.19888912	0.39560726	-0.036388826	0.46117955	-0.05428523	-0.010552945
7.000000000000311e-10	0.32037148	0.035057094	-0.016254652	0.47157708	-0.048562624	-0.014262632	-0.22037664	0.3765475	-0.027473623	0.4715771	-0.04856267	-0.014262656
7.100000000000342e-10	0.3249543	0.041855827	-0.017491307	0.48229328	-0.03909401	-0.017646637	-0.23941085	0.37402636	-0.020368142	0.4822933	-0.03909402	-0.017646685
7.200000000000372e-10	0.3290165	0.0532759	-0.017638296	0.49246234	-0.025774652	-0.01848903	-0.25896397	0.38013312	-0.017762886	0.49246246	-0.02577458	-0.018489094
7.300000000000403e-10	0.3313393	0.06564315	-0.016128631	0.50104266	-0.01156403	-0.01579628	-0.28120643	0.38760024	-0.02068362	0.5010427	-0.011563879	-0.015796347
7.400000000000434e-10	0.33190027	0.07405679	-0.013369244	0.50851643	-0.0011381898	-0.010626095	-0.3081845	0.38964763	-0.027015572	0.50851655	-0.0011379722	-0.010626154
7.500000000000464e-10	0.33207008	0.07653585	-0.010455677	0.5166128	0.0035390698	-0.0057306974	-0.3396873	0.3838296	-0.031446688	0.51661307	0.0035393469	-0.0057307193
7.600000000000495e-10	0.33351082	0.07489432	-0.008725156	0.5273687	0.0039958707	-0.0031315559	-0.37521914	0.3734663	-0.032844625	0.5273689	0.003996186	-0.003131535
7.700000000000526e-10	0.33685592	0.07188957	-0.008519397	0.5409206	0.003244652	-0.0026407184	-0.4120319	0.36084655	-0.033738088	0.54092073	0.003244977	-0.0026406688
7.800000000000556e-10	0.3413203	0.06879056	-0.009520379	0.5551871	0.0031856918	-0.0034047477	-0.4458829	0.34496754	-0.035887092	0.5551871	0.003186008	-0.0034046888
7.900000000000587e-10	0.34593874	0.06593619	-0.0117235435	0.56856287	0.0044545475	-0.005471921	-0.47536945	0.32504946	-0.039074846	0.5685628	0.004454826	-0.0054718694
8.000000000000618e-10	0.35039377	0.064162	-0.014922323	0.5809451	0.008102329	-0.009319055	-0.5017328	0.30123264	-0.040319946	0.580945	0.008102542	-0.009319012
8.100000000000648e-10	0.35384983	0.0656189	-0.018460883	0.59146315	0.01588536	-0.014481759	-0.52583355	0.27767664	-0.038069658	0.59146315	0.01588549	-0.014481708
8.200000000000679e-10	0.35538027	0.071328215	-0.021157907	0.59872365	0.028098878	-0.019106919	-0.546917	0.25851116	-0.033593558	0.5987236	0.028098926	-0.019106856
8.30000000000071e-10	0.354718	0.07901793	-0.02214258	0.60220873	0.041534226	-0.02185521	-0.5643011	0.24475643	-0.027720675	0.6022086	0.041534185	-0.021855157
8.40000000000074e-10	0.35260785	0.08689046	-0.0210188	0.6027499	0.05362895	-0.021813028	-0.5774382	0.23731482	-0.022045713	0.60274965	0.05362884	-0.021812987
8.500000000000771e-10	0.34945953	0.094149776	-0.017807445	0.6012593	0.06355122	-0.018339023	-0.5878471	0.2353743	-0.019242663	0.60125905	0.06355104	-0.018338999
8.600000000000802e-10	0.3454216	0.09886237	-0.013115845	0.59910464	0.06981587	-0.012554857	-0.6002258	0.23482129	-0.017982997	0.5991044	0.06981565	-0.012554841
8.700000000000832e-10	0.3419441	0.09966365	-0.008648901	0.59839857	0.07129068	-0.0068351864	-0.6154848	0.23308873	-0.017633565	0.5983984	0.071290456	-0.006835174
8.800000000000863e-10	0.34002784	0.09613066	-0.0060540657	0.59987175	0.06800775	-0.0030149736	-0.63134205	0.22784886	-0.019421253	0.59987164	0.06800755	-0.0030149694
8.900000000000894e-10	0.33923227	0.088733904	-0.005743352	0.60295755	0.061162136	-0.0018483935	-0.6478217	0.21676806	-0.022471841	0.60295737	0.061161995	-0.0018484027
9.000000000000924e-10	0.33835602	0.07964642	-0.007357138	0.6063611	0.05370001	-0.0033380059	-0.66599256	0.19936153	-0.024905045	0.60636085	0.053699903	-0.0033380326
9.100000000000955e-10	0.33675072	0.07138506	-0.010281199	0.60934496	0.04860348	-0.006826084	-0.6862761	0.17678854	-0.026157826	0.60934484	0.048603408	-0.0068261204
9.200000000000986e-10	0.3346723	0.06566426	-0.013521781	0.6116491	0.047530875	-0.011015175	-0.70630014	0.15133074	-0.026252482	0.6116489	0.047530837	-0.011015216
9.300000000001016e-10	0.33302748	0.06334749	-0.015720326	0.6135005	0.050962515	-0.014051089	-0.7222587	0.12555692	-0.025541266	0.61350036	0.0509625	-0.014051127
9.400000000001047e-10	0.3326115	0.06372816	-0.016572516	0.61565584	0.057580728	-0.0152069675	-0.7330434	0.101063535	-0.025349155	0.6156558	0.05758072	-0.015206997
9.500000000001078e-10	0.33323762	0.06486136	-0.016566684	0.6178409	0.06494055	-0.014947772	-0.7385279	0.0775169	-0.026355654	0.6178409	0.06494052	-0.014947778
9.600000000001108e-10	0.3333673	0.064898156	-0.016040375	0.6183159	0.070713446	-0.013972044	-0.7397538	0.054616787	-0.027521824	0.6183158	0.070713356	-0.01397202
9.70000000000114e-10	0.33130345	0.06343338	-0.015507742	0.61602515	0.07440053	-0.013022447	-0.7413228	0.03225172	-0.028550556	0.6160251	0.07440038	-0.013022402
9.80000000000117e-10	0.32647008	0.06218975	-0.015242389	0.6111657	0.07793661	-0.01252275	-0.74701834	0.0116406055	-0.029169526	0.61116564	0.0779364	-0.012522702
9.9000000000012e-10	0.32047933	0.06316315	-0.015127089	0.6054798	0.08351608	-0.012376867	-0.75542635	-0.0056155515	-0.02915343	0.6054797	0.08351585	-0.012376843
1.0000000000001231e-09	0.31534907	0.06580908	-0.014698293	0.60066307	0.090685904	-0.011892615	-0.76283693	-0.020535972	-0.028860623	0.6006629	0.09068567	-0.011892637
1.0100000000001262e-09	0.31210217	0.06818284	-0.013786722	0.59774446	0.0971665	-0.010605167	-0.76804626	-0.034114864	-0.029270176	0.59774435	0.09716633	-0.010605225
1.0200000000001292e-09	0.31145808	0.06832461	-0.012429042	0.59779835	0.10080685	-0.008465163	-0.77161086	-0.047939174	-0.030770227	0.59779817	0.10080673	-0.0084652295
1.0300000000001323e-09	0.31334558	0.06468136	-0.010812607	0.6010989	0.10004397	-0.006094467	-0.7749981	-0.063832656	-0.031847585	0.6010987	0.10004389	-0.00609452
1.0400000000001354e-09	0.31705552	0.057887767	-0.00891452	0.60707724	0.095173195	-0.003988552	-0.77962005	-0.07967634	-0.030401241	0.6070771	0.09517318	-0.003988576
1.0500000000001384e-09	0.321307	0.05043132	-0.0070689004	0.614227	0.08836292	-0.0027009386	-0.78611135	-0.09120884	-0.02595456	0.6142269	0.08836293	-0.0027009223
1.0600000000001415e-09	0.3242188	0.0446093	-0.0062118303	0.61988974	0.08228339	-0.00298507	-0.7936204	-0.09716519	-0.020361336	0.61988956	0.0822834	-0.0029850225
1.0700000000001446e-09	0.3239841	0.042176597	-0.006657432	0.6213695	0.07920252	-0.004702844	-0.8007604	-0.097491786	-0.015807392	0.6213693	0.07920251	-0.004702783
1.0800000000001476e-09	0.3201532	0.043832295	-0.0077503095	0.61773413	0.07981736	-0.006688115	-0.8061396	-0.0913414	-0.013549253	0.61773396	0.0798173	-0.006688063
1.0900000000001507e-09	0.31369874	0.048180554	-0.008335111	0.6103393	0.08239937	-0.007488165	-0.81012374	-0.07905842	-0.013389972	0.6103392	0.08239927	-0.007488136
1.1000000000001538e-09	0.30603802	0.052640017	-0.007568896	0.60158044	0.08415243	-0.006163831	-0.81492376	-0.062881365	-0.014702952	0.60158026	0.08415228	-0.0061638225
1.1100000000001568e-09	0.29838103	0.054668836	-0.005716262	0.59349835	0.082765535	-0.0034117945	-0.8224119	-0.046783805	-0.016077375	0.5934983	0.08276534	-0.0034117973
1.12000000000016e-09	0.29175445	0.052965958	-0.0042180973	0.58756167	0.077279255	-0.0011855245	-0.8331233	-0.033693556	-0.017192002	0.5875616	0.07727901	-0.0011855274
1.130000000000163e-09	0.28696713	0.04829502	-0.0040803757	0.584741	0.06876321	-0.00080077985	-0.8467347	-0.023918092	-0.01801482	0.58474094	0.06876291	-0.0008007858
1.140000000000166e-09	0.284693	0.042976655	-0.0052401284	0.5856174	0.0599281	-0.002294817	-0.8620658	-0.016233187	-0.01806937	0.58561736	0.05992779	-0.002294833
1.1500000000001691e-09	0.28519347	0.039589565	-0.00730628	0.59010994	0.053876013	-0.005111606	-0.87743366	-0.009637748	-0.017546173	0.5901099	0.053875733	-0.0051116347
1.1600000000001722e-09	0.287942	0.039502162	-0.009918517	0.59718335	0.052536745	-0.008391256	-0.89143467	-0.0047352887	-0.018011216	0.5971832	0.052536536	-0.008391285
1.1700000000001753e-09	0.29194558	0.0421053	-0.012473413	0.6049346	0.05585416	-0.011194864	-0.90162104	-0.00446882	-0.020082254	0.60493445	0.055854015	-0.011194883
1.1800000000001783e-09	0.29697254	0.045835283	-0.014063982	0.612	0.06243093	-0.012447523	-0.9037426	-0.011380101	-0.023342583	0.612	0.062430847	-0.012447538
1.1900000000001814e-09	0.30308998	0.049208738	-0.013897686	0.6179174	0.07019816	-0.011205703	-0.89560163	-0.024907185	-0.027445108	0.6179174	0.07019813	-0.011205731
1.2000000000001845e-09	0.308829	0.050000645	-0.012155543	0.6218005	0.07600572	-0.0077686794	-0.88129103	-0.044019613	-0.032133985	0.6218004	0.07600576	-0.0077687404
1.2100000000001875e-09	0.31241858	0.04570152	-0.010013208	0.622426	0.076810494	-0.0039252792	-0.86512756	-0.0695943	-0.03636738	0.62242603	0.07681061	-0.003925371
1.2200000000001906e-09	0.31324428	0.035957716	-0.008587228	0.6194349	0.072014056	-0.0016845375	-0.8488696	-0.10107658	-0.037915245	0.61943495	0.07201428	-0.0016846366
1.2300000000001937e-09	0.31170753	0.023640286	-0.008503967	0.6140814	0.06439122	-0.0019403358	-0.8354462	-0.13463597	-0.03645914	0.6140814	0.06439153	-0.0019404066
1.2400000000001967e-09	0.30915135	0.012215791	-0.009440993	0.608493	0.057867445	-0.004142464	-0.82638454	-0.16794842	-0.032523274	0.608493	0.057867825	-0.00414248
1.2500000000001998e-09	0.30699974	0.00502634	-0.010558289	0.604921	0.056025125	-0.007284297	-0.8232853	-0.19796433	-0.025765985	0.604921	0.056025516	-0.007284266
1.2600000000002029e-09	0.30576152	0.0039975997	-0.011380349	0.60404027	0.061055988	-0.010079273	-0.82620066	-0.22343704	-0.018860832	0.60404	0.06105631	-0.010079216
1.270000000000206e-09	0.30509847	0.008982483	-0.01137254	0.6050286	0.07241379	-0.011400516	-0.8336024	-0.24294665	-0.013535285	0.60502857	0.072413996	-0.011400446
1.280000000000209e-09	0.30462602	0.017761149	-0.010242106	0.6067894	0.08731787	-0.010840448	-0.8431018	-0.25691354	-0.00989729	0.60678923	0.087317884	-0.010840388
1.290000000000212e-09	0.30376244	0.026703803	-0.008273279	0.6079946	0.10148364	-0.008817692	-0.8524135	-0.2670745	-0.007750356	0.6079945	0.10148349	-0.008817658
1.3000000000002151e-09	0.3019051	0.03297401	-0.0058947946	0.60747665	0.11122914	-0.0061900355	-0.86	-0.27345115	-0.005892788	0.6074765	0.11122886	-0.0061900364
1.3100000000002182e-09	0.29893512	0.035827775	-0.0035609414	0.60495883	0.11515001	-0.003792579	-0.86537236	-0.27429494	-0.0033465542	0.6049587	0.11514969	-0.0037925919
1.3200000000002213e-09	0.2954547	0.036105983	-0.0015087569	0.60149646	0.11433307	-0.001945309	-0.8696209	-0.26958048	-6.4322165e-05	0.60149634	0.11433272	-0.0019452979
1.3300000000002243e-09	0.29243824	0.035427023	0.00033372376	0.59846795	0.11118619	-0.0004909822	-0.87319267	-0.2605236	0.0036992214	0.5984679	0.11118585	-0.00049094675
1.3400000000002274e-09	0.29083446	0.03556708	0.0018683455	0.5969601	0.107911445	0.0006207675	-0.87550133	-0.24669628	0.007232244	0.5969602	0.10791111	0.00062080927
1.3500000000002305e-09	0.29101303	0.03769441	0.0030364892	0.5973898	0.105967715	0.0015173171	-0.8762916	-0.22785933	0.009720407	0.5973898	0.10596742	0.0015173507
1.3600000000002335e-09	0.29235554	0.041507356	0.0037154758	0.5993306	0.1054742	0.0021819551	-0.87707394	-0.2060581	0.010592641	0.5993307	0.10547396	0.0021819607
1.3700000000002366e-09	0.29404676	0.045757588	0.0039318493	0.6020697	0.10565002	0.0027398162	-0.8792356	-0.18466029	0.009486394	0.60206974	0.10564985	0.002739795
1.3800000000002397e-09	0.29619446	0.048826594	0.0042863525	0.6053917	0.10500468	0.0038487266	-0.8813559	-0.16612025	0.006894169	0.6053918	0.105004594	0.003848705
1.3900000000002427e-09	0.29897583	0.04918866	0.0050646365	0.60901105	0.10189031	0.005586018	-0.88137007	-0.1517801	0.0039920784	0.6090111	0.10189028	0.0055859983
1.4000000000002458e-09	0.30145267	0.04567061	0.0059165764	0.61169684	0.09504067	0.0073205223	-0.87923324	-0.14267546	0.0014841654	0.61169684	0.09504064	0.0073204935
1.4100000000002489e-09	0.3020577	0.038355075	0.0063123577	0.61184573	0.08457374	0.008439755	-0.87668324	-0.13884847	-0.00093468407	0.61184585	0.08457369	0.008439719
1.420000000000252e-09	0.30042535	0.028533518	0.005628846	0.6092675	0.07208078	0.008269466	-0.8748581	-0.13994873	-0.0038077962	0.6092676	0.07208074	0.008269432
1.430000000000255e-09	0.2978751	0.018644143	0.003666588	0.60576123	0.06048726	0.006416943	-0.87409437	-0.1449994	-0.0066014444	0.60576123	0.060487222	0.0064169094
1.440000000000258e-09	0.29601538	0.011327765	0.0009617562	0.6033412	0.052755695	0.003364019	-0.87408507	-0.15211838	-0.008454866	0.6033413	0.052755695	0.0033639811
1.4500000000002611e-09	0.29581606	0.008046488	-0.0016839381	0.6031008	0.050377198	9.9158286e-05	-0.87415963	-0.15966713	-0.009153059	0.6031008	0.050377242	9.913277e-05
1.4600000000002642e-09	0.29750022	0.008522276	-0.003758715	0.60539514	0.052688636	-0.0027406728	-0.8745794	-0.16643892	-0.008582627	0.6053952	0.05268874	-0.0027406723
1.4700000000002673e-09	0.30060446	0.011741856	-0.0049400707	0.60998684	0.057864137	-0.0047922293	-0.87680405	-0.17039911	-0.0065195025	0.6099869	0.057864238	-0.004792204
1.4800000000002703e-09	0.30411693	0.01626014	-0.0051535894	0.61578494	0.06367483	-0.0057098875	-0.8817314	-0.17014673	-0.0039592152	0.61578494	0.06367489	-0.005709837
1.4900000000002734e-09	0.30715042	0.020327376	-0.004506749	0.6214284	0.06787653	-0.005324547	-0.8885313	-0.16580375	-0.0021370153	0.6214284	0.06787653	-0.0053244918
1.5000000000002765e-09	0.3087877	0.022580115	-0.003560511	0.625518	0.06906696	-0.004325818	-0.89637625	-0.15885115	-0.0012114733	0.6255182	0.06906692	-0.004325772
1.5100000000002795e-09	0.30848292	0.0232375	-0.0030200903	0.6271637	0.0678631	-0.0036918938	-0.9045435	-0.1506173	-0.00093695766	0.62716377	0.06786304	-0.003691861
1.5200000000002826e-09	0.3065883	0.023434488	-0.003080469	0.6264289	0.065991566	-0.0035691462	-0.9114564	-0.14210677	-0.0017419022	0.62642896	0.06599148	-0.0035691236
1.5300000000002857e-09	0.30389896	0.023560127	-0.0035924201	0.6241018	0.06442139	-0.0036894053	-0.9161329	-0.13517268	-0.0039229966	0.6241018	0.064421274	-0.0036893878
1.5400000000002887e-09	0.30119288	0.02310695	-0.004327728	0.62123525	0.06297711	-0.0038821413	-0.91873807	-0.13175207	-0.006975631	0.62123525	0.06297698	-0.0038821348
1.5500000000002918e-09	0.29905117	0.021650758	-0.004907527	0.6188272	0.06135224	-0.0038679247	-0.9202426	-0.13282475	-0.010047404	0.61882704	0.061352096	-0.0038679417
1.5600000000002949e-09	0.29802555	0.019583397	-0.004906046	0.6176703	0.059874345	-0.0033143826	-0.920948	-0.13766335	-0.01225381	0.6176701	0.05987417	-0.0033144332
1.570000000000298e-09	0.2986437	0.017727803	-0.0044755093	0.61830914	0.0590684	-0.0024686083	-0.92028856	-0.14408866	-0.013398093	0.6183088	0.059068214	-0.0024686723
1.580000000000301e-09	0.30082142	0.016294854	-0.004278334	0.62061423	0.058869373	-0.0020203828	-0.91818523	-0.15074389	-0.014165725	0.62061405	0.058869176	-0.002020421
1.590000000000304e-09	0.30379453	0.014968152	-0.0046668528	0.6237041	0.058814563	-0.0023224875	-0.9150842	-0.15742344	-0.014977695	0.62370384	0.058814358	-0.0023224843
1.6000000000003071e-09	0.30657652	0.013404924	-0.005375597	0.62634647	0.058541417	-0.0031117536	-0.9111875	-0.16445962	-0.0155061735	0.62634623	0.05854119	-0.0031117122
1.6100000000003102e-09	0.3084501	0.011624063	-0.006043626	0.62782353	0.058076464	-0.004024436	-0.9073528	-0.17186022	-0.015329221	0.6278233	0.058076203	-0.0040243804
1.6200000000003133e-09	0.3093553	0.01027999	-0.006506085	0.6282914	0.058095355	-0.004895985	-0.9045175	-0.17892486	-0.014247802	0.62829113	0.058095057	-0.004895938
1.6300000000003164e-09	0.3097131	0.010353934	-0.006657421	0.6284248	0.059552442	-0.0055357437	-0.9031911	-0.18436863	-0.012475692	0.6284246	0.059552096	-0.0055357083
1.6400000000003194e-09	0.31020272	0.012279832	-0.0066185524	0.62907046	0.062827155	-0.005807777	-0.90322715	-0.18745276	-0.0111854235	0.6290701	0.06282679	-0.005807751
1.6500000000003225e-09	0.311535	0.015460343	-0.0066961753	0.63088006	0.06747163	-0.0059099845	-0.90353787	-0.189492	-0.011180193	0.6308799	0.06747127	-0.005909977
1.6600000000003256e-09	0.31398472	0.018966002	-0.0069547147	0.6339354	0.07280482	-0.006024008	-0.9030204	-0.19259539	-0.01206844	0.63393515	0.07280448	-0.006024033
1.6700000000003286e-09	0.31724182	0.022056418	-0.0071774507	0.6378739	0.078112915	-0.006055408	-0.9018377	-0.19775765	-0.013101026	0.63787377	0.07811261	-0.006055453
1.6800000000003317e-09	0.32077792	0.02432875	-0.0072512943	0.6420984	0.08277406	-0.0059598675	-0.9003485	-0.20458618	-0.013867147	0.64209837	0.08277379	-0.005959922
1.6900000000003348e-09	0.323973	0.025698284	-0.00730369	0.6458221	0.08653664	-0.005866454	-0.8986286	-0.21251504	-0.014513271	0.645822	0.08653642	-0.005866505
1.7000000000003378e-09	0.32639283	0.02612446	-0.0075283614	0.6485001	0.08936888	-0.005909542	-0.8967575	-0.22162798	-0.01550924	0.6485001	0.089368716	-0.005909577
1.7100000000003409e-09	0.3280582	0.025882136	-0.007969773	0.65010226	0.0916671	-0.0061635724	-0.89450586	-0.23208101	-0.016788522	0.65010214	0.09166696	-0.006163577
1.720000000000344e-09	0.32932398	0.025725441	-0.008442298	0.65104854	0.09436468	-0.006561135	-0.8917093	-0.2436862	-0.017655486	0.6510484	0.09436455	-0.0065611014
1.730000000000347e-09	0.33072457	0.026557766	-0.008576802	0.6520411	0.09845983	-0.006741488	-0.88839644	-0.25573865	-0.017633555	0.6520411	0.09845967	-0.0067414194
1.74000000000035e-09	0.33265126	0.028834684	-0.008110214	0.653663	0.10438786	-0.0063275783	-0.884865	-0.26761055	-0.01686299	0.65366286	0.104387596	-0.0063274847
1.7500000000003532e-09	0.33503443	0.03196982	-0.0069997013	0.6559461	0.111420825	-0.0050947107	-0.881605	-0.27943957	-0.016019795	0.655946	0.1114205	-0.0050946125
1.7600000000003562e-09	0.33750173	0.034438636	-0.005285718	0.6584891	0.11775247	-0.0029700182	-0.8789468	-0.2919281	-0.015605846	0.65848905	0.11775205	-0.002969927
1.7700000000003593e-09	0.33983532	0.034958627	-0.0032010672	0.66097033	0.121735595	-0.00033265934	-0.8767377	-0.30515647	-0.0153150465	0.66097033	0.12173507	-0.00033259075
1.7800000000003624e-09	0.34211177	0.03348557	-0.0011948305	0.6634902	0.12300315	0.0020345596	-0.8749794	-0.3178864	-0.014351426	0.6634902	0.12300255	0.002034593
1.7900000000003654e-09	0.3446139	0.03094038	0.00032814493	0.66649294	0.12224758	0.003549405	-0.8739794	-0.3280991	-0.012491242	0.6664929	0.122246966	0.0035493933
1.8000000000003685e-09	0.34782884	0.02826479	0.0011458644	0.67056745	0.12033029	0.0040720045	-0.8735596	-0.33434308	-0.010329409	0.6705674	0.120329715	0.0040719486
1.8100000000003716e-09	0.35243654	0.026128275	0.0013255322	0.6764338	0.117982686	0.0038348653	-0.873065	-0.33606273	-0.008446529	0.6764337	0.11798217	0.0038347822
1.8200000000003746e-09	0.3591078	0.024914749	0.001143389	0.68483037	0.11574121	0.0032312174	-0.87196046	-0.33340728	-0.006979069	0.6848301	0.1157408	0.0032311282
1.8300000000003777e-09	0.36820814	0.024688097	0.000951724	0.69618267	0.11383261	0.0026458937	-0.87004787	-0.3269518	-0.0056344494	0.69618237	0.11383233	0.002645814
1.8400000000003808e-09	0.37942177	0.025306366	0.0009466937	0.71016854	0.11232505	0.0022946242	-0.8676802	-0.31770676	-0.0042555938	0.7101682	0.11232489	0.002294575
1.8500000000003838e-09	0.39145947	0.026602753	0.00092331145	0.72532624	0.111262634	0.0019361868	-0.86571515	-0.30671614	-0.0029435405	0.72532594	0.111262575	0.0019361958
1.860000000000387e-09	0.40217155	0.028521482	0.0007392006	0.7391269	0.1107522	0.0014434978	-0.86521566	-0.29469696	-0.0019302468	0.73912686	0.11075213	0.0014435485
1.87000000000039e-09	0.4097705	0.030928608	0.00058222073	0.7494932	0.1109067	0.0011212185	-0.86716616	-0.28279775	-0.0014574364	0.7494932	0.11090658	0.0011212714
1.880000000000393e-09	0.4140331	0.032832567	0.000715979	0.7562717	0.110810384	0.0014100181	-0.872115	-0.27251187	-0.0019170863	0.75627184	0.110810205	0.0014100682
1.890000000000396e-09	0.41606587	0.033468194	0.0013167672	0.76059437	0.10956516	0.0025296952	-0.8788349	-0.26422548	-0.0032717027	0.76059437	0.1095649	0.0025297485
1.900000000000399e-09	0.41746917	0.032446403	0.0024669145	0.7640618	0.106694	0.004414454	-0.88540757	-0.2580539	-0.0048299916	0.76406175	0.1066936	0.00441452
1.9100000000004022e-09	0.41898346	0.029576957	0.0037594421	0.76736337	0.10207291	0.0064335437	-0.89073914	-0.25449044	-0.006185194	0.7673632	0.102072395	0.006433604
1.9200000000004053e-09	0.420746	0.025349023	0.00449287	0.77044713	0.09621822	0.007666543	-0.8939091	-0.25305685	-0.0073033134	0.77044696	0.09621766	0.007666573
1.9300000000004084e-09	0.4225895	0.020579727	0.0043955566	0.77299327	0.089949474	0.007665121	-0.8945073	-0.25278226	-0.007803517	0.7729932	0.08994897	0.0076650865
1.9400000000004114e-09	0.42484605	0.015624972	0.0036721814	0.7757003	0.083661705	0.0067253024	-0.8936014	-0.2533962	-0.00780575	0.77570015	0.08366133	0.0067252433
1.9500000000004145e-09	0.42776883	0.01098775	0.0021466366	0.7790998	0.077939086	0.00460028	-0.8920008	-0.25461963	-0.0072385534	0.7790996	0.07793887	0.004600255
1.9600000000004176e-09	0.43142515	0.007872252	-4.7055e-05	0.7833684	0.07404936	0.0014493767	-0.89006215	-0.25526148	-0.00604218	0.78336823	0.07404925	0.0014493723
1.9700000000004206e-09	0.43572125	0.0074107614	-0.002192074	0.78836423	0.07308631	-0.0015886739	-0.8877063	-0.2538091	-0.0050439625	0.7883641	0.073086224	-0.0015887357
1.9800000000004237e-09	0.4398745	0.00931689	-0.0035693226	0.79327875	0.07465191	-0.0033687316	-0.88576746	-0.2501598	-0.005085322	0.7932787	0.074651904	-0.0033688478
1.9900000000004268e-09	0.44331944	0.012181892	-0.0041178134	0.79756075	0.07714067	-0.003956725	-0.88498175	-0.24521706	-0.0055855056	0.7975607	0.07714079	-0.003956836
2.00000000000043e-09	0.4462008	0.015143762	-0.004161767	0.8013256	0.07951897	-0.003984518	-0.8850583	-0.23932874	-0.005702981	0.8013255	0.07951918	-0.003984586
2.010000000000433e-09	0.44875005	0.017927052	-0.004137416	0.80472404	0.08162632	-0.0039694645	-0.8853961	-0.23328514	-0.005636677	0.8047241	0.08162658	-0.003969476
2.020000000000436e-09	0.45133692	0.020344628	-0.003964703	0.80808336	0.08346559	-0.003738223	-0.8853809	-0.22807078	-0.0056636347	0.80808324	0.08346583	-0.0037381873
2.030000000000439e-09	0.45440102	0.022024255	-0.0034266661	0.8119	0.08468853	-0.0029110846	-0.8847147	-0.2242283	-0.00617444	0.81189996	0.08468868	-0.0029110278
2.040000000000442e-09	0.45824054	0.022355368	-0.0024370146	0.8167381	0.084672794	-0.0014223348	-0.8841012	-0.22244339	-0.006983237	0.81673795	0.08467285	-0.001422283
2.050000000000445e-09	0.46268183	0.02081385	-0.0011257938	0.8226406	0.08297545	0.00047741793	-0.88461655	-0.22366981	-0.0077638524	0.8226404	0.08297546	0.000477444
2.0600000000004482e-09	0.46774352	0.017243661	0.00042615307	0.82947713	0.07932334	0.0024898036	-0.8856419	-0.22762635	-0.007743194	0.82947695	0.07932335	0.0024897908
2.0700000000004513e-09	0.4733939	0.012548361	0.0017662513	0.83687747	0.07433275	0.0038710453	-0.8858609	-0.23207955	-0.006299631	0.83687717	0.07433276	0.0038710237
2.0800000000004544e-09	0.47894162	0.00814618	0.002482177	0.8441383	0.06923903	0.0041339425	-0.8860567	-0.23459606	-0.0036284283	0.844138	0.069239065	0.0041339323
2.0900000000004575e-09	0.483503	0.0050461944	0.0027884543	0.8506716	0.06507613	0.003656049	-0.8884698	-0.23406443	-0.0001242444	0.8506713	0.0650762	0.003656054
2.1000000000004605e-09	0.48682705	0.0033108392	0.003414914	0.8564619	0.061881702	0.0035226312	-0.8943466	-0.23031072	0.0036670417	0.8564617	0.06188184	0.003522624
2.1100000000004636e-09	0.4897086	0.0023192028	0.0047226707	0.86230195	0.058722608	0.004347506	-0.90272295	-0.22283098	0.0071679405	0.8623017	0.058722813	0.0043474687
2.1200000000004667e-09	0.49333382	0.0016916486	0.006397291	0.8690616	0.05486118	0.0057228697	-0.91091025	-0.2106487	0.010374513	0.86906135	0.054861464	0.00572283
2.1300000000004697e-09	0.4983382	0.0010408488	0.007997846	0.876842	0.049790956	0.0070144967	-0.91600907	-0.19375208	0.0135308225	0.87684184	0.049791276	0.007014493
2.1400000000004728e-09	0.50422937	-5.3023796e-05	0.00912522	0.8847656	0.04341679	0.0076994165	-0.91706973	-0.17394349	0.01665338	0.8847656	0.043417096	0.0076994672
2.150000000000476e-09	0.51011634	-0.0012310712	0.009371333	0.89184886	0.036616307	0.0073567294	-0.91479045	-0.15286729	0.019303817	0.89184874	0.036616556	0.0073568276
2.160000000000479e-09	0.5152623	-0.0014807393	0.00846107	0.8975875	0.030888597	0.005823002	-0.9109861	-0.13125452	0.020705337	0.8975876	0.030888733	0.005823112
2.170000000000482e-09	0.51935	0.00035936135	0.006691125	0.9019871	0.027768373	0.0035321757	-0.9073285	-0.109204784	0.020664982	0.9019871	0.027768353	0.003532258
2.180000000000485e-09	0.52263516	0.0043164142	0.0048981514	0.9055213	0.02745629	0.0015960004	-0.9043824	-0.0873795	0.019086324	0.9055213	0.02745614	0.0015960321
2.190000000000488e-09	0.5253958	0.008819638	0.0037686212	0.9085369	0.028278157	0.0009849656	-0.9020896	-0.067250125	0.015656978	0.9085369	0.02827796	0.0009849595
2.200000000000491e-09	0.5273609	0.011676015	0.0032787398	0.91076946	0.027935266	0.0017326393	-0.9008012	-0.05102539	0.010118916	0.91076934	0.027935073	0.0017326256
2.2100000000004943e-09	0.52794033	0.011465485	0.0032744643	0.91167295	0.025012007	0.0031947657	-0.90140235	-0.04042713	0.004248154	0.91167295	0.025011819	0.0031947629
2.2200000000004973e-09	0.5270107	0.008219619	0.0034930592	0.91109246	0.01930211	0.0043543675	-0.90391415	-0.034466043	0.0007464096	0.9110924	0.019301925	0.0043543805
2.2300000000005004e-09	0.525116	0.0032610458	0.0033451063	0.90954655	0.0116326455	0.0045644017	-0.90758246	-0.029572796	-0.0008630987	0.9095464	0.011632472	0.004564427
2.2400000000005035e-09	0.52342147	-0.002423546	0.002462493	0.9084405	0.003094138	0.003911645	-0.91196996	-0.024978708	-0.0028416384	0.9084404	0.0030939966	0.003911656
2.2500000000005065e-09	0.5227619	-0.008387067	0.0009662907	0.9090296	-0.0052461587	0.0026574284	-0.9177564	-0.02262796	-0.0056049586	0.90902936	-0.0052462383	0.002657406
2.2600000000005096e-09	0.52247375	-0.013258154	-0.0012263946	0.911039	-0.011426659	0.00038947182	-0.92729205	-0.023235746	-0.0079350155	0.91103876	-0.01142667	0.0003894111
2.2700000000005127e-09	0.52167577	-0.014994647	-0.0037814004	0.91319704	-0.01306624	-0.0029665497	-0.9400738	-0.025707368	-0.007796859	0.91319686	-0.013066158	-0.0029666596
2.2800000000005157e-09	0.5205055	-0.012365168	-0.005843794	0.9142622	-0.0093013365	-0.006180878	-0.9504204	-0.027093953	-0.005663964	0.9142621	-0.009301122	-0.006181005
2.290000000000519e-09	0.51871717	-0.0066605234	-0.0065990756	0.91317034	-0.0020218682	-0.007611566	-0.95535195	-0.0265479	-0.0038687445	0.91317034	-0.0020215441	-0.0076116584
2.300000000000522e-09	0.51598066	-0.0010039639	-0.005803291	0.90982544	0.0052608848	-0.0067813443	-0.9562025	-0.02626491	-0.0030516644	0.90982544	0.005261265	-0.006781379
2.310000000000525e-09	0.5122149	0.0022118723	-0.0042726453	0.90502775	0.009944795	-0.004720346	-0.9565935	-0.028278217	-0.003336398	0.90502775	0.009945182	-0.0047203316
2.320000000000528e-09	0.50758624	0.0022878097	-0.0031145771	0.89952594	0.011399976	-0.002926848	-0.95865566	-0.03370397	-0.004488517	0.899526	0.011400314	-0.0029267948
2.330000000000531e-09	0.5027425	-0.000109414425	-0.0026264642	0.8940382	0.010372223	-0.0019163939	-0.96189153	-0.042058356	-0.0059921565	0.8940382	0.010372475	-0.0019163352
2.340000000000534e-09	0.4986358	-0.003410076	-0.002756056	0.8894575	0.008580732	-0.001826597	-0.964924	-0.052055664	-0.007025162	0.8894575	0.008580903	-0.0018265679
2.350000000000537e-09	0.4956667	-0.0052701505	-0.0036775367	0.88612974	0.008653831	-0.0030300464	-0.96705216	-0.0620204	-0.0070029944	0.8861297	0.008653973	-0.0030300529
2.3600000000005403e-09	0.4928096	-0.0038748602	-0.004562454	0.88238364	0.012444684	-0.0044157514	-0.9669245	-0.06992837	-0.006061662	0.8823835	0.012444867	-0.0044157957
2.3700000000005433e-09	0.49063107	-0.0004039574	-0.003764447	0.8781872	0.01827566	-0.003722045	-0.96146667	-0.07520379	-0.0046868147	0.87818706	0.018275945	-0.0037221112
2.3800000000005464e-09	0.49130148	0.0032200413	-0.001962394	0.87613755	0.023853052	-0.002016553	-0.9497824	-0.078668825	-0.0021381897	0.87613744	0.023853468	-0.0020165762
2.3900000000005495e-09	0.4931995	0.005958409	-0.00081633776	0.8756212	0.028135628	-0.0013433642	-0.9378475	-0.081559755	0.001128414	0.8756212	0.028136114	-0.0013433214
2.4000000000005525e-09	0.49333426	0.007931775	-0.00061240164	0.87454784	0.03098604	-0.0017695436	-0.93285334	-0.08269988	0.0038935437	0.87454784	0.030986512	-0.0017694723
2.4100000000005556e-09	0.49103883	0.010072763	-0.0005671938	0.87213767	0.032473117	-0.0021612016	-0.93514854	-0.07751491	0.005695297	0.87213767	0.032473523	-0.0021611506
2.4200000000005587e-09	0.48716465	0.0121757155	-0.00037954003	0.8685314	0.032405227	-0.001919977	-0.94086933	-0.06630784	0.0057062637	0.8685314	0.032405548	-0.0019199591
2.4300000000005617e-09	0.48340353	0.014036297	-0.000107837266	0.86496955	0.031430155	-0.0011447098	-0.94617987	-0.05273238	0.0040180897	0.86496955	0.031430405	-0.0011447112
2.440000000000565e-09	0.48194057	0.015378066	0.0003352004	0.8635478	0.030044675	-4.4488163e-05	-0.94810057	-0.04021322	0.0019209754	0.8635477	0.03004491	-4.447829e-05
2.450000000000568e-09	0.4831348	0.015253956	0.0011924617	0.8652479	0.027748942	0.0014265026	-0.9486901	-0.03167567	0.0004947161	0.8652477	0.027749177	0.0014265394
2.460000000000571e-09	0.48516628	0.013060557	0.0021316817	0.86875165	0.023954546	0.0029438026	-0.95214164	-0.027903665	-0.00069055165	0.8687514	0.023954736	0.0029438448
2.470000000000574e-09	0.4863528	0.009134666	0.0021327296	0.8716074	0.019085497	0.0032868702	-0.9573944	-0.028841943	-0.002057353	0.8716072	0.019085603	0.0032869042
2.480000000000577e-09	0.4865909	0.0054835323	0.00051636837	0.87295425	0.01525681	0.0014921473	-0.96154416	-0.03251285	-0.0032835528	0.8729542	0.015256798	0.0014921866
2.49000000000058e-09	0.48735082	0.004604388	-0.0022882705	0.87432194	0.014984792	-0.002017198	-0.9630631	-0.03599605	-0.003830341	0.8743218	0.01498464	-0.0020171343
2.5000000000005832e-09	0.48937744	0.0074130786	-0.0051863957	0.87681293	0.01917695	-0.0056697144	-0.96248883	-0.038159184	-0.0042905584	0.87681293	0.019176645	-0.0056696357
2.5100000000005863e-09	0.49207258	0.012445836	-0.0071968716	0.8798598	0.026377406	-0.008019828	-0.960662	-0.040790398	-0.0053445217	0.8798598	0.026376968	-0.008019776
2.5200000000005893e-09	0.49385837	0.017648574	-0.00813841	0.8820408	0.03444524	-0.008833207	-0.96009934	-0.046007387	-0.0069868923	0.88204086	0.034444742	-0.008833215
2.5300000000005924e-09	0.49384534	0.021518175	-0.008115134	0.88239366	0.04167215	-0.008402171	-0.96157944	-0.054793168	-0.0085899085	0.88239384	0.041671686	-0.0084022265
2.5400000000005955e-09	0.49249002	0.023267806	-0.0072009093	0.8811234	0.046852093	-0.0071306145	-0.963546	-0.066415116	-0.008922113	0.88112354	0.046851754	-0.0071306946
2.5500000000005986e-09	0.49087602	0.02322177	-0.005569877	0.87926567	0.04968238	-0.0052970154	-0.9645077	-0.07797594	-0.007775148	0.87926567	0.049682193	-0.0052970876
2.5600000000006016e-09	0.49009764	0.022020886	-0.00353378	0.8781492	0.05041955	-0.0030759568	-0.96408904	-0.087169506	-0.006071736	0.87814903	0.050419502	-0.0030760048
2.5700000000006047e-09	0.49061543	0.02019204	-0.0016132693	0.8786193	0.049545206	-0.0011054815	-0.9632765	-0.09318229	-0.0039670356	0.8786191	0.04954524	-0.0011055019
2.5800000000006078e-09	0.4923798	0.018772833	-0.00046636566	0.88071615	0.048135012	-0.00037150068	-0.9624888	-0.09492149	-0.00093909184	0.88071585	0.048135106	-0.00037150335
2.590000000000611e-09	0.49503076	0.019444196	-0.00033729264	0.8839272	0.047850143	-0.0012709044	-0.9615488	-0.09029101	0.003329704	0.88392705	0.047850266	-0.0012709091
2.600000000000614e-09	0.49796784	0.023588847	-0.00075263553	0.8876259	0.05017495	-0.0029546162	-0.96107084	-0.07803811	0.00790478	0.8876259	0.050175108	-0.0029546265
2.610000000000617e-09	0.50058925	0.030717101	-0.0009729394	0.89121044	0.055033118	-0.003897467	-0.9617777	-0.060403924	0.010530594	0.8912104	0.055033304	-0.0038974732
2.62000000000062e-09	0.5026303	0.03822678	-0.0004886523	0.8942741	0.06035464	-0.0030861513	-0.96341896	-0.04263968	0.009803584	0.8942741	0.06035483	-0.0030861371
2.630000000000623e-09	0.5040996	0.04311318	0.0007095533	0.8966883	0.06345408	-0.00058270025	-0.9654352	-0.029628104	0.0060203867	0.8966883	0.06345425	-0.00058265467
2.640000000000626e-09	0.5050267	0.0435061	0.0020507928	0.89836836	0.062713146	0.0024552767	-0.9673344	-0.024621055	0.0008428834	0.89836824	0.062713236	0.0024553433
2.6500000000006292e-09	0.5056044	0.039618198	0.003039161	0.89941853	0.058452517	0.0047513326	-0.968531	-0.027795434	-0.0032018241	0.89941835	0.05845251	0.0047513973
2.6600000000006323e-09	0.50587356	0.03342779	0.0034630264	0.8999553	0.05245384	0.0056651197	-0.96927834	-0.035990667	-0.004652851	0.8999551	0.052453738	0.0056651765
2.6700000000006354e-09	0.5056442	0.027294047	0.003266666	0.8998764	0.046762068	0.005162373	-0.9701557	-0.04511886	-0.0036629185	0.89987624	0.046761878	0.0051624184
2.6800000000006384e-09	0.50493354	0.023307754	0.0026088024	0.89923126	0.043247532	0.0036756727	-0.9712702	-0.05178929	-0.001136953	0.8992311	0.043247275	0.0036756922
2.6900000000006415e-09	0.5040708	0.022268416	0.0020248513	0.8983203	0.042559262	0.0021739423	-0.9721125	-0.054440707	0.0018334787	0.8983201	0.04255897	0.0021739306
2.7000000000006446e-09	0.5032524	0.023484971	0.0018921773	0.8973156	0.043851476	0.0013621387	-0.97234946	-0.053283513	0.0043908437	0.8973154	0.043851197	0.0013620992
2.7100000000006476e-09	0.5022665	0.025772443	0.0023160188	0.89601314	0.0458282	0.0014991583	-0.9722662	-0.049295664	0.006046786	0.89601296	0.04582798	0.001499098
2.7200000000006507e-09	0.5007517	0.027821217	0.0033092774	0.89404106	0.047137447	0.0025924142	-0.9722554	-0.043879125	0.0068387114	0.89404094	0.04713729	0.0025923504
2.7300000000006538e-09	0.49869925	0.028449606	0.004789486	0.8914132	0.046476256	0.004405276	-0.9724159	-0.037966885	0.0072843097	0.89141303	0.046476163	0.004405233
2.740000000000657e-09	0.49644026	0.027065674	0.0064888345	0.8885721	0.04303997	0.006465908	-0.9727987	-0.03141828	0.007878319	0.8885719	0.043039918	0.006465903
2.75000000000066e-09	0.49431482	0.023744026	0.007813477	0.8859633	0.03675586	0.007953195	-0.9734162	-0.023554387	0.008817248	0.88596326	0.036755804	0.007953222
2.760000000000663e-09	0.49258775	0.01954091	0.008189521	0.88381183	0.028773243	0.008088106	-0.973791	-0.013480052	0.010233009	0.8838118	0.028773153	0.008088143
2.770000000000666e-09	0.4915695	0.01609868	0.0074560153	0.8823323	0.021022204	0.006660321	-0.9731681	-0.0003754315	0.012129953	0.8823323	0.021022083	0.006660342
2.780000000000669e-09	0.4916024	0.01479261	0.0058534998	0.88182914	0.01527441	0.0041169664	-0.97098416	0.01582426	0.013970347	0.88182926	0.015274247	0.004116961
2.790000000000672e-09	0.49264234	0.016109867	0.004033465	0.88220394	0.012387348	0.0015510616	-0.96707547	0.034222323	0.01476986	0.88220394	0.012387145	0.0015510169
2.8000000000006752e-09	0.49410608	0.019334087	0.0025783756	0.8828045	0.011868875	-5.2066334e-05	-0.96186626	0.0530622	0.013615994	0.8828044	0.011868646	-5.2154668e-05
2.8100000000006783e-09	0.49518389	0.02285236	0.0015621246	0.8828317	0.012402256	-0.000522755	-0.95637035	0.06922368	0.01021429	0.8828316	0.012402036	-0.0005228664
2.8200000000006814e-09	0.49530396	0.024985822	0.00089530315	0.8818116	0.012586224	-0.00025678315	-0.9516662	0.07958172	0.0056828805	0.88181174	0.012586047	-0.00025686872
2.8300000000006844e-09	0.49439737	0.025131585	0.00042891674	0.8798953	0.011771111	0.00016850758	-0.94871503	0.08360006	0.0015563507	0.8798955	0.011770981	0.00016850079
2.8400000000006875e-09	0.49306664	0.023751287	9.6900534e-05	0.87787294	0.010201093	0.0005246878	-0.947546	0.08270258	-0.0015950182	0.8778733	0.010200971	0.0005247626
2.8500000000006906e-09	0.49215442	0.021320777	-0.00010352725	0.8766764	0.008168341	0.0008400444	-0.9475034	0.07819499	-0.003898717	0.87667674	0.008168178	0.0008401434
2.8600000000006936e-09	0.49201754	0.018262785	-0.0003797859	0.8767365	0.0059212595	0.0008174842	-0.94845617	0.071281895	-0.0052449466	0.876737	0.005921032	0.00081754505
2.8700000000006967e-09	0.4924093	0.015453236	-0.0010030135	0.87782717	0.004158263	3.2229254e-05	-0.9507818	0.063724324	-0.0053445967	0.87782794	0.0041579977	3.223461e-05
2.8800000000006998e-09	0.49296802	0.014009663	-0.0018469316	0.879422	0.0037805054	-0.00136388	-0.95425606	0.05772873	-0.0041484693	0.87942266	0.00378025	-0.0013639077
2.890000000000703e-09	0.4934818	0.01461937	-0.0025304595	0.8810488	0.0052137286	-0.002697024	-0.95809156	0.055166207	-0.0023702353	0.8810495	0.005213528	-0.002697053
2.900000000000706e-09	0.49377617	0.017082956	-0.0027561153	0.882302	0.008188741	-0.0033095167	-0.96157295	0.056076676	-0.0010937091	0.8823026	0.008188603	-0.0033095286
2.910000000000709e-09	0.49376118	0.020322753	-0.0023930648	0.8829962	0.011783665	-0.0029315813	-0.9644278	0.05854383	-0.0007176091	0.88299674	0.011783579	-0.0029315827
2.920000000000712e-09	0.4936164	0.022994757	-0.0015954843	0.883364	0.014867407	-0.0018096056	-0.96665156	0.060103197	-0.0010580834	0.8833643	0.014867368	-0.0018096119
2.930000000000715e-09	0.4936264	0.024136078	-0.0006940148	0.88374996	0.016621955	-0.00042320648	-0.96814334	0.059019767	-0.0019160069	0.88375026	0.016621958	-0.00042322846
2.940000000000718e-09	0.49396604	0.023433592	1.6040733e-06	0.88437337	0.016782165	0.0007422188	-0.96887016	0.054725885	-0.0029604589	0.8843735	0.016782226	0.00074218126
2.9500000000007212e-09	0.4945494	0.021299282	0.00023756649	0.885132	0.01572807	0.0012225437	-0.9688716	0.047843732	-0.0036547487	0.88513213	0.015728194	0.0012225036
2.9600000000007243e-09	0.49511796	0.018793408	9.2206665e-06	0.8856425	0.014460923	0.0008679756	-0.967957	0.039881676	-0.0034238945	0.8856425	0.014461105	0.0008679457
2.9700000000007274e-09	0.49554798	0.017135536	-0.00038244016	0.8857648	0.014041832	2.6352913e-05	-0.96620923	0.032937024	-0.002094068	0.8857647	0.014042052	2.6336498e-05
2.9800000000007304e-09	0.49602938	0.016979732	-0.00064956717	0.88582194	0.014905797	-0.00077303656	-0.9639346	0.02867097	-0.00028561003	0.8858218	0.014906022	-0.00077303295
2.9900000000007335e-09	0.49680418	0.018214418	-0.00067142094	0.8861729	0.016819645	-0.0012008267	-0.96130973	0.027436024	0.0013118644	0.8861728	0.016819835	-0.0012008001
3.0000000000007366e-09	0.49771097	0.020359596	-0.00048733645	0.8866962	0.0193213	-0.00123084	-0.9586876	0.028584432	0.0023891341	0.88669604	0.019321432	-0.0012308027
