#output : convolution type - sim file name - field set (A/m) - diameter calculated (m)
1	Pt_disk_x2	4000	1.177384e-07
1	Pt_disk_x2	5000	9.84062e-08
1	Pt_disk_x2	6000	8.39962e-08
1	Pt_disk_x2	7000	7.41572e-08
1	Pt_disk_x2	8000	6.71554e-08
1	Pt_disk_x2	9000	6.18812e-08
1	Pt_disk_x2	10000	5.77514e-08
1	Pt_disk_x2	11000	5.43956e-08
1	Pt_disk_x2	12000	5.16128e-08
1	Pt_disk_x2	13000	4.92274e-08
1	Pt_disk_x2	14000	4.71586e-08
1	Pt_disk_x2	15000	4.53468e-08
1	Pt_disk_x2	16000	4.37364e-08
1	Pt_disk_x2	17000	4.2275e-08
1	Pt_disk_x2	18000	4.09682e-08
1	Pt_disk_x2	19000	3.97532e-08
1	Pt_disk_x2	20000	3.86366e-08
1	Pt_disk_x3	6000	1.354282e-07
1	Pt_disk_x3	7000	1.16621e-07
1	Pt_disk_x3	8000	1.016778e-07
1	Pt_disk_x3	9000	8.99532e-08
1	Pt_disk_x3	10000	8.07324e-08
1	Pt_disk_x3	11000	7.33654e-08
1	Pt_disk_x3	12000	6.74994e-08
1	Pt_disk_x3	13000	6.26624e-08
1	Pt_disk_x3	14000	5.86804e-08
1	Pt_disk_x3	15000	5.5342e-08
1	Pt_disk_x3	16000	5.24668e-08
1	Pt_disk_x3	17000	4.99792e-08
1	Pt_disk_x3	18000	4.78332e-08
1	Pt_disk_x3	19000	4.58924e-08
1	Pt_disk_x3	20000	4.42044e-08
1	Pt_disk_x4	8000	1.390384e-07
1	Pt_disk_x4	9000	1.251706e-07
1	Pt_disk_x4	10000	1.121254e-07
1	Pt_disk_x4	11000	1.0096e-07
1	Pt_disk_x4	12000	9.1549e-08
1	Pt_disk_x4	13000	8.35434e-08
1	Pt_disk_x4	14000	7.669e-08
1	Pt_disk_x4	15000	7.09168e-08
1	Pt_disk_x4	16000	6.59446e-08
1	Pt_disk_x4	17000	6.17022e-08
1	Pt_disk_x4	18000	5.80638e-08
1	Pt_disk_x4	19000	5.4914e-08
1	Pt_disk_x4	20000	5.213e-08
1	Pt_disk_x5	10000	1.402898e-07
1	Pt_disk_x5	11000	1.287054e-07
1	Pt_disk_x5	12000	1.173136e-07
1	Pt_disk_x5	13000	1.073562e-07
1	Pt_disk_x5	14000	9.84554e-08
1	Pt_disk_x5	15000	9.06388e-08
1	Pt_disk_x5	16000	8.37292e-08
1	Pt_disk_x5	17000	7.75648e-08
1	Pt_disk_x5	18000	7.21616e-08
1	Pt_disk_x5	19000	6.74226e-08
1	Pt_disk_x5	20000	6.32074e-08
1	Pt_disk_x6	12000	1.393406e-07
1	Pt_disk_x6	13000	1.293882e-07
1	Pt_disk_x6	14000	1.195296e-07
1	Pt_disk_x6	15000	1.105142e-07
1	Pt_disk_x6	16000	1.023896e-07
1	Pt_disk_x6	17000	9.50568e-08
1	Pt_disk_x6	18000	8.83154e-08
1	Pt_disk_x6	19000	8.22658e-08
1	Pt_disk_x6	20000	7.67172e-08
0	Pt_disk_x2	4000	1.17735e-07
0	Pt_disk_x2	5000	9.8411e-08
0	Pt_disk_x2	6000	8.3993e-08
0	Pt_disk_x2	7000	7.41518e-08
0	Pt_disk_x2	8000	6.71534e-08
0	Pt_disk_x2	9000	6.18784e-08
0	Pt_disk_x2	10000	5.77512e-08
0	Pt_disk_x2	11000	5.44024e-08
0	Pt_disk_x2	12000	5.16112e-08
0	Pt_disk_x2	13000	4.9233e-08
0	Pt_disk_x2	14000	4.71614e-08
0	Pt_disk_x2	15000	4.53494e-08
0	Pt_disk_x2	16000	4.37364e-08
0	Pt_disk_x2	17000	4.22728e-08
0	Pt_disk_x2	18000	4.0969e-08
0	Pt_disk_x2	19000	3.9755e-08
0	Pt_disk_x2	20000	3.86382e-08
0	Pt_disk_x3	6000	1.354296e-07
0	Pt_disk_x3	7000	1.166298e-07
0	Pt_disk_x3	8000	1.016772e-07
0	Pt_disk_x3	9000	8.99416e-08
0	Pt_disk_x3	10000	8.07248e-08
0	Pt_disk_x3	11000	7.3366e-08
0	Pt_disk_x3	12000	6.75042e-08
0	Pt_disk_x3	13000	6.2659e-08
0	Pt_disk_x3	14000	5.86806e-08
0	Pt_disk_x3	15000	5.53426e-08
0	Pt_disk_x3	16000	5.2466e-08
0	Pt_disk_x3	17000	4.99792e-08
0	Pt_disk_x3	18000	4.78388e-08
0	Pt_disk_x3	19000	4.58908e-08
0	Pt_disk_x3	20000	4.41996e-08
0	Pt_disk_x4	8000	1.390434e-07
0	Pt_disk_x4	9000	1.251678e-07
0	Pt_disk_x4	10000	1.121146e-07
0	Pt_disk_x4	11000	1.009602e-07
0	Pt_disk_x4	12000	9.15612e-08
0	Pt_disk_x4	13000	8.35466e-08
0	Pt_disk_x4	14000	7.66908e-08
0	Pt_disk_x4	15000	7.09162e-08
0	Pt_disk_x4	16000	6.5949e-08
0	Pt_disk_x4	17000	6.1705e-08
0	Pt_disk_x4	18000	5.80674e-08
0	Pt_disk_x4	19000	5.4916e-08
0	Pt_disk_x4	20000	5.21298e-08
0	Pt_disk_x5	10000	1.402888e-07
0	Pt_disk_x5	11000	1.287076e-07
0	Pt_disk_x5	12000	1.173138e-07
0	Pt_disk_x5	13000	1.073424e-07
0	Pt_disk_x5	14000	9.8461e-08
0	Pt_disk_x5	15000	9.06448e-08
0	Pt_disk_x5	16000	8.37368e-08
0	Pt_disk_x5	17000	7.75738e-08
0	Pt_disk_x5	18000	7.21628e-08
0	Pt_disk_x5	19000	6.74236e-08
0	Pt_disk_x5	20000	6.32078e-08
0	Pt_disk_x6	12000	1.393406e-07
0	Pt_disk_x6	13000	1.293834e-07
0	Pt_disk_x6	14000	1.195296e-07
0	Pt_disk_x6	15000	1.10514e-07
0	Pt_disk_x6	16000	1.023886e-07
0	Pt_disk_x6	17000	9.50586e-08
0	Pt_disk_x6	18000	8.8315e-08
0	Pt_disk_x6	19000	8.22656e-08
0	Pt_disk_x6	20000	7.67164e-08
