Fri Apr 26 15:08:11 2019

<permalloy> : Rectangle : 0m, 0m, 0m; 320nm, 80nm, 20nm. Cells : 64, 16, 4. Cellsize : 5nm, 5nm, 5nm
<permalloy2> : Rectangle : 0m, 0m, 25nm; 320nm, 80nm, 35nm. Cells : 64, 16, 2. Cellsize : 5nm, 5nm, 5nm
<supermesh> : Rectangle : 0m, 0m, 0m; 320nm, 80nm, 35nm. Cells : 64, 16, 7. Cellsize : 5nm, 5nm, 5nm

Saved data (dataname (unit) <meshname> (cells_rectangle)) : 

time (s)	<M> (A/m) <permalloy> (0m, 0m, 0m; 320nm, 80nm, 20nm)			<M> (A/m) <permalloy2> (0m, 0m, 0m; 320nm, 80nm, 10nm)			

0	-758240	2508.7	-1872.49	-723419	-617.469	-2969.87
1e-11	-756810	6034.65	3682.15	-723060	-1003.95	-3030.74
1.05e-11	-756668	6373.01	3925.93	-723023	-1047.25	-3043.36
2e-11	-752859	15035.6	7525.21	-722001	-2510.09	-3617.98
3e-11	-746959	26791.7	8746.81	-720394	-5935.43	-5040.99
4e-11	-739989	38145.7	7395.92	-718409	-12024.1	-7132.39
5.05e-11	-732750	46838.2	4134.47	-716033	-21377.2	-9345.88
6.05e-11	-726940	50798.4	543.291	-713602	-32135.1	-10553.6
7.05e-11	-722667	50865.2	-2353.9	-711235	-42806.6	-10145.9
8.05e-11	-720009	48402.6	-3893.8	-709327	-51104.1	-7885.97
9.05e-11	-718842	45135.1	-4063.9	-708330	-55020.1	-4146.82
1.005e-10	-718955	42480.7	-3348.15	-708505	-53454.9	190.314
1.105e-10	-720165	41044.1	-2498.53	-709746	-46561.6	4028.2
1.205e-10	-722320	40540.9	-2212.61	-711625	-35740.2	6409.78
1.305e-10	-725212	40067.2	-2814.64	-713592	-23295.1	6813.78
1.405e-10	-728581	38584.3	-4162.21	-715218	-11814.4	5302.91
1.505e-10	-732163	35451.8	-5715.78	-716363	-3447.61	2471.06
1.605e-10	-735712	30794	-6732.19	-717148	656.084	-772.791
1.705e-10	-739043	25547.8	-6611	-717803	560.835	-3508.27
1.805e-10	-742060	21153.2	-5189.36	-718568	-2634.47	-5122.21
1.905e-10	-744674	18971.9	-2796.41	-719637	-7307.53	-5511.76
2.005e-10	-746739	19733.5	-140.35	-721060	-11956.4	-5064.27
2.105e-10	-748035	23283.6	1979.66	-722662	-15704.9	-4440.47
2.205e-10	-748303	28654.9	3010.19	-724081	-18492.5	-4246.84
2.305e-10	-747302	34434.7	2816.33	-724894	-20897.1	-4744.38
2.405e-10	-744917	39268.4	1667.04	-724746	-23677.3	-5751.83
2.505e-10	-741249	42260.7	102.265	-723444	-27268.1	-6761.45
2.605e-10	-736637	43182.8	-1312.86	-720995	-31484.9	-7180.77
2.705e-10	-731645	42474.5	-2208.56	-717626	-35555.2	-6604.94
2.805e-10	-727037	40989.3	-2479.87	-713773	-38435.1	-4994
2.905e-10	-723595	39605.1	-2271.38	-710062	-39241.1	-2673.5
3.005e-10	-721839	38890.9	-1891.56	-707177	-37592.5	-202.881
3.105e-10	-721855	38914.4	-1694.13	-705648	-33737.5	1812.82
3.205e-10	-723328	39246.3	-1957.83	-705656	-28454.6	2914.34
3.305e-10	-725743	39178.2	-2763.33	-707011	-22800.3	2925.53
3.405e-10	-728632	38056.1	-3916.66	-709294	-17788.1	1993.78
3.505e-10	-731701	35576.4	-5007.26	-712056	-14096.7	527.654
3.605e-10	-734784	31959.9	-5575.62	-714940	-11902.6	-960.185
3.705e-10	-737750	27933.7	-5308.2	-717709	-10908.4	-2059.74
3.805e-10	-740443	24509.7	-4181.97	-720231	-10555.7	-2621
3.905e-10	-742658	22640	-2465.65	-722426	-10334.1	-2783.15
4.005e-10	-744185	22878.2	-611.274	-724214	-10054.7	-2873.86
4.105e-10	-744869	25179.5	887.267	-725490	-9968.79	-3244.25
4.205e-10	-744659	28904.8	1648.14	-726121	-10685.5	-4116.73
4.305e-10	-743616	33044.5	1534.28	-725947	-12922.4	-5481.22
4.405e-10	-741893	36590.7	699.251	-724817	-17164.9	-7054.59
4.505e-10	-739695	38901.6	-459.101	-722678	-23352.6	-8334.64
4.605e-10	-737226	39888.2	-1442.26	-719675	-30733.5	-8760.88
4.705e-10	-734673	39975	-1878.05	-716169	-37974.7	-7938.24
4.8e-10	-732333	39851.9	-1717.59	-712819	-43300.3	-5964.57
4.9e-10	-730138	40075	-1182.17	-709733	-45993.8	-2995.84
5e-10	-728424	40855.3	-713.155	-707459	-45011.7	217.135
5.1e-10	-727389	41896.1	-746.811	-706218	-40478.1	2924.5
5.2e-10	-727161	42521.3	-1496.1	-706102	-33288.5	4542.54
5.3e-10	-727736	41963.4	-2860.06	-707080	-24835.8	4807.89
5.4e-10	-728971	39714.4	-4464.79	-708984	-16623.9	3818.31
5.5e-10	-730631	35790	-5792.27	-711531	-9887.86	1966.17
5.6e-10	-732471	30811.7	-6358.61	-714391	-5342.81	-211.324
5.7e-10	-734322	25869.1	-5886.93	-717263	-3135.6	-2219.19
5.8e-10	-736121	22186.8	-4417.23	-719922	-2996.14	-3759.34
5.9e-10	-737859	20714	-2312.02	-722228	-4491.1	-4790.92
6e-10	-739502	21807.7	-143.491	-724091	-7250.62	-5471.55
6.1e-10	-740953	25134.7	1502.18	-725428	-11070.1	-6010.74
6.2e-10	-742053	29812.3	2227.7	-726122	-15856.1	-6519.55
6.3e-10	-742618	34715.7	1959.52	-726011	-21464.6	-6942.41
6.4e-10	-742504	38829.1	951.924	-724926	-27541.9	-7095.14
6.5e-10	-741640	41524.9	-340.414	-722780	-33472.1	-6767.21
6.6e-10	-740056	42680.6	-1457.5	-719671	-38456	-5826.65
6.7e-10	-737911	42603.1	-2115.29	-715941	-41679.3	-4288.58
6.8e-10	-735493	41818	-2288.19	-712152	-42517.6	-2337.45
6.9e-10	-733166	40819.6	-2159.07	-708957	-40718.1	-301.42
7e-10	-731270	39884.3	-1994.91	-706901	-36501.7	1422.22
7.1e-10	-730031	39017.3	-2026.83	-706250	-30547.5	2479.23
7.2e-10	-729517	38026.5	-2365.52	-706949	-23855.9	2672.37
7.3e-10	-729653	36665.1	-2966.64	-708717	-17522.5	2028.48
7.4e-10	-730288	34788.4	-3649.04	-711197	-12484.9	783.602
7.5e-10	-731249	32471	-4155	-714027	-9320.9	-711.06
7.6e-10	-732376	30035.3	-4245.6	-716866	-8157.38	-2115.85
7.7e-10	-733532	27973.1	-3808.26	-719401	-8717.42	-3202.33
7.8e-10	-734616	26787.2	-2919.84	-721388	-10477.5	-3892.64
7.9e-10	-735574	26804.9	-1822.68	-722695	-12869.1	-4244.62
8e-10	-736413	28042.8	-824.635	-723316	-15450.3	-4403.52
8.1e-10	-737191	30190.3	-173.138	-723334	-17998.6	-4533.04
8.2e-10	-737978	32717.8	31.3859	-722872	-20501.5	-4737.53
8.3e-10	-738797	35059.2	-156.048	-722038	-23055	-5004.29
8.4e-10	-739583	36788.2	-574.927	-720909	-25717.1	-5200.92
8.5e-10	-740174	37728.1	-1028.82	-719525	-28386.8	-5139.25
8.6e-10	-740364	37963.6	-1353.32	-717917	-30769.2	-4674.48
8.7e-10	-739996	37767.8	-1466.39	-716147	-32449.2	-3784.25
8.8e-10	-739021	37479.9	-1387.37	-714337	-33039	-2589.15
8.9e-10	-737522	37374.9	-1223.75	-712664	-32327.8	-1316.04
9e-10	-735699	37559.4	-1129.01	-711332	-30370.5	-228.749
9.1e-10	-733833	37931.7	-1241.38	-710538	-27492	448.649
9.2e-10	-732211	38228.4	-1625.24	-710421	-24208.2	595.219
9.3e-10	-731058	38140.2	-2238.22	-711028	-21088.2	225.358
9.4e-10	-730494	37444.4	-2939.54	-712299	-18602.5	-518.822
9.5e-10	-730522	36103	-3539.54	-714078	-17003.7	-1413.12
9.6e-10	-731053	34294.6	-3868.65	-716128	-16281	-2225.56
9.7e-10	-731954	32363.3	-3836.05	-718174	-16205.1	-2796.57
9.8e-10	-733085	30709.3	-3457.15	-719957	-16454.5	-3089.17
9.9e-10	-734318	29662.1	-2842.89	-721295	-16768.2	-3183.16
1e-09	-735538	29379.3	-2157.3	-722103	-17050.6	-3218.78
1.01e-09	-736649	29808.3	-1559.51	-722374	-17388.3	-3323.01
1.02e-09	-737575	30729.3	-1151.12	-722126	-17986.1	-3554.87
1.03e-09	-738273	31854.9	-949.21	-721378	-19057.1	-3887.54
1.04e-09	-738741	32940.7	-894.114	-720158	-20713.4	-4222.33
1.05e-09	-739000	33865.4	-884.459	-718551	-22891.2	-4422.65
1.06e-09	-739073	34650.7	-825.674	-716724	-25337.8	-4360.93
1.07e-09	-738955	35418.1	-676.262	-714922	-27663	-3970.32
1.08e-09	-738611	36302.5	-473.763	-713408	-29443.1	-3282.44
1.09e-09	-737996	37357.1	-327.483	-712403	-30342.3	-2428.99
1.1e-09	-737089	38492	-375.2	-712026	-30207.2	-1599.36
1.11e-09	-735930	39478.8	-717.844	-712286	-29099.4	-971.612
1.12e-09	-734632	40023.8	-1363.37	-713087	-27261.1	-652.578
1.13e-09	-733360	39879.1	-2208.76	-714264	-25033.2	-654.154
1.14e-09	-732290	38942.8	-3068.39	-715613	-22759.4	-907.108
1.15e-09	-731572	37308.7	-3737.46	-716940	-20706.3	-1296.72
1.16e-09	-731293	35251.1	-4063.87	-718081	-19023.3	-1705.68
1.17e-09	-731464	33149.5	-3997.04	-718929	-17750.9	-2053.58
1.18e-09	-732033	31380.9	-3596.55	-719435	-16870.8	-2320.71
1.19e-09	-732907	30218	-3002.46	-719610	-16368.7	-2545.36
1.2e-09	-733978	29764.9	-2380.2	-719509	-16277.5	-2792.41
1.21e-09	-735142	29952.5	-1861.59	-719215	-16673.8	-3105.95
1.22e-09	-736303	30587.7	-1505.74	-718813	-17626.5	-3471.87
1.23e-09	-737372	31439.6	-1292.87	-718365	-19125.3	-3814.29
1.24e-09	-738264	32323.4	-1149.86	-717895	-21033	-4028.15
1.25e-09	-738902	33153.1	-995.877	-717403	-23091.4	-4027.95
1.26e-09	-739217	33943	-788.363	-716883	-24979.8	-3786
1.27e-09	-739173	34761.5	-549.084	-716345	-26398.6	-3343.7
1.28e-09	-738771	35663.1	-357.603	-715817	-27148.4	-2796.54
1.29e-09	-738067	36631.8	-314.611	-715348	-27178.4	-2264.36
1.3e-09	-737154	37563.8	-492.728	-714995	-26592.9	-1858.5
1.31e-09	-736150	38296	-899.28	-714826	-25615.7	-1652
1.32e-09	-735159	38664.6	-1468.99	-714904	-24522.6	-1658.87
1.33e-09	-734260	38568.2	-2088.41	-715266	-23560.3	-1830.39
1.34e-09	-733499	38005.9	-2637.27	-715895	-22879.1	-2074.06
1.35e-09	-732905	37079.8	-3025.81	-716699	-22498.5	-2289.73
1.3605e-09	-732489	35904	-3218.69	-717566	-22311.4	-2408.12
1.3705e-09	-732327	34787.1	-3210.21	-718231	-22156.3	-2394.54
1.3805e-09	-732430	33825.9	-3065.54	-718602	-21850.3	-2283.83
1.3905e-09	-732816	33094.4	-2854.28	-718629	-21293.5	-2136.19
1.4005e-09	-733471	32582.5	-2641.51	-718354	-20499.3	-2026.81
1.4105e-09	-734333	32220.9	-2464.02	-717894	-19596.3	-2024.37
1.4205e-09	-735305	31927.3	-2316.53	-717394	-18790	-2168.33
1.4305e-09	-736277	31656.6	-2157.15	-716973	-18297.5	-2451.08
1.4405e-09	-737147	31431.8	-1931.17	-716696	-18278.2	-2815.3
1.4505e-09	-737844	31345.2	-1602.85	-716570	-18784.8	-3172.48
1.4605e-09	-738319	31526	-1179.57	-716561	-19752	-3436.45
1.4705e-09	-738546	32089.5	-716.663	-716623	-21025.3	-3555.01
1.4805e-09	-738505	33083.8	-302.954	-716714	-22413.7	-3524.13
1.4905e-09	-738184	34455.3	-35.8159	-716806	-23744.8	-3380.3
1.5005e-09	-737594	36044.1	5.3489	-716881	-24898.4	-3178.04
1.5105e-09	-736782	37612.4	-219.069	-716923	-25813.2	-2965.35
1.5205e-09	-735835	38898.7	-695.36	-716923	-26467.5	-2766.8
1.5305e-09	-734872	39679.6	-1354.07	-716887	-26848.4	-2579.75
1.5405e-09	-734022	39821.7	-2082.52	-716840	-26926	-2383.5
1.5505e-09	-733389	39309.7	-2752.8	-716812	-26648.2	-2157.36
1.5605e-09	-733032	38242.7	-3256.65	-716828	-25960	-1899.5
1.5705e-09	-732957	36805.5	-3533.03	-716888	-24839.7	-1637.81
1.5805e-09	-733125	35220.6	-3577.65	-716965	-23332.5	-1426.56
1.5905e-09	-733479	33698.2	-3432.14	-717015	-21568.5	-1329.05
1.6005e-09	-733961	32396.3	-3160.54	-717002	-19753.5	-1393.24
1.6105e-09	-734529	31404.1	-2824.5	-716921	-18136.3	-1631.61
1.6205e-09	-735150	30749.2	-2466.76	-716807	-16957.5	-2014.31
1.6305e-09	-735792	30422.1	-2106.46	-716717	-16396.5	-2477.83
1.6405e-09	-736410	30404.8	-1744.96	-716706	-16531.8	-2943.5
1.6505e-09	-736946	30691.1	-1378.33	-716801	-17327.9	-3337.55
1.6605e-09	-737342	31286.8	-1011.54	-716989	-18649.1	-3607.05
1.6705e-09	-737550	32191.9	-668.907	-717222	-20295.4	-3729.31
1.6805e-09	-737555	33373.8	-395.566	-717437	-22048.8	-3712.94
1.6905e-09	-737367	34747.3	-247.432	-717577	-23716.2	-3589.51
1.7005e-09	-737026	36171.5	-271.802	-717606	-25154.7	-3398.45
1.7105e-09	-736578	37469.7	-486.993	-717519	-26274.5	-3171.93
1.7205e-09	-736071	38465.4	-871.37	-717343	-27026.2	-2926.82
1.7305e-09	-735542	39023	-1367.31	-717120	-27383.5	-2666.25
1.7405e-09	-735024	39079.3	-1897.71	-716901	-27331	-2388.62
1.7505e-09	-734549	38655.1	-2386.9	-716723	-26863	-2098.32
1.7605e-09	-734154	37843.8	-2777.12	-716602	-25992	-1812.93
1.7705e-09	-733880	36782.5	-3036.2	-716532	-24762.1	-1564.06
1.7805e-09	-733763	35616.5	-3157.65	-716492	-23260.6	-1391.96
1.7905e-09	-733827	34468.6	-3155.61	-716462	-21622.2	-1335.67
1.8005e-09	-734067	33423.8	-3055.66	-716430	-20019.7	-1421.52
1.8105e-09	-734453	32530.9	-2883.35	-716402	-18642.4	-1653.08
1.8205e-09	-734933	31816.9	-2654.82	-716400	-17663.5	-2005.55
1.8305e-09	-735446	31305.8	-2374.85	-716457	-17204.4	-2427.55
1.8405e-09	-735937	31030.5	-2044.37	-716607	-17307.9	-2851.39
1.8505e-09	-736362	31031.6	-1673.17	-716863	-17929.7	-3209.82
1.8605e-09	-736691	31343.8	-1289.08	-717210	-18952	-3453.54
1.8705e-09	-736900	31975.6	-936.992	-717597	-20214.3	-3563
1.8805e-09	-736972	32892.6	-667.638	-717945	-21552.1	-3549.86
1.8905e-09	-736899	34011.8	-522.329	-718175	-22829.3	-3448.12
1.9005e-09	-736688	35211	-521.295	-718226	-23956.7	-3299.08
1.9105e-09	-736368	36349.2	-659.871	-718074	-24890.3	-3136.1
1.9205e-09	-735985	37293.2	-912.195	-717735	-25615	-2974.54
1.9305e-09	-735597	37942.5	-1239.43	-717267	-26121.5	-2810.19
1.9405e-09	-735255	38243.4	-1599.33	-716752	-26389.3	-2626.25
1.9505e-09	-734996	38191.3	-1954.59	-716279	-26382	-2406.53
1.9605e-09	-734827	37821.2	-2277.91	-715929	-26057.4	-2149.22
1.9705e-09	-734739	37191.9	-2552.27	-715755	-25388	-1875.33
1.9805e-09	-734709	36372.6	-2766.94	-715770	-24383.2	-1627.31
1.9905e-09	-734717	35434.3	-2911.86	-715947	-23104.3	-1457.59
2.0005e-09	-734753	34448.5	-2974.37	-716230	-21667.9	-1411.72
2.0105e-09	-734822	33488.2	-2940.99	-716550	-20232.7	-1512.89
2.0205e-09	-734935	32628.5	-2804.03	-716851	-18973.7	-1754.32
2.0305e-09	-735103	31942.6	-2568.82	-717097	-18051.1	-2101.2
2.04e-09	-735314	31510.8	-2273.64	-717273	-17592.3	-2480.2
