0	1	0	1.22465e-16
1.05e-11	0.999328	0.00136481	-0.000722404
2.05e-11	0.995711	0.00383176	-0.000166848
3.05e-11	0.988935	0.00458911	0.0020588
4.05e-11	0.982365	0.000807936	0.00573083
5.05e-11	0.978476	-0.00928686	0.0101285
6.05e-11	0.976121	-0.0257194	0.0141688
7.05e-11	0.973289	-0.0467856	0.0167148
8.05e-11	0.96568	-0.0692524	0.0171018
9.05e-11	0.944589	-0.0882709	0.0157995
1.005e-10	0.906416	-0.0998024	0.0141943
1.105e-10	0.861621	-0.103927	0.0129043
1.205e-10	0.825314	-0.104223	0.0119076
1.305e-10	0.799183	-0.10458	0.0101872
1.405e-10	0.773843	-0.102647	0.00681536
1.505e-10	0.742751	-0.0940863	0.00517413
1.605e-10	0.69927	-0.0821193	0.00740176
1.705e-10	0.63753	-0.0724415	0.0098021
1.805e-10	0.560366	-0.068509	0.00962888
1.905e-10	0.47734	-0.0722764	0.00821915
2.005e-10	0.401246	-0.0842011	0.00628497
2.105e-10	0.345509	-0.0991534	0.0038245
2.205e-10	0.316605	-0.106948	0.00405147
2.305e-10	0.3123	-0.107798	0.00891621
2.405e-10	0.325669	-0.112384	0.0148674
2.505e-10	0.347149	-0.123617	0.0188929
2.605e-10	0.367028	-0.13861	0.0180096
2.705e-10	0.380706	-0.151215	0.011297
2.805e-10	0.390098	-0.15587	0.00124839
2.905e-10	0.400553	-0.153316	-0.00775114
3.005e-10	0.421114	-0.144333	-0.00982781
3.105e-10	0.457709	-0.134181	-0.0049254
3.205e-10	0.498216	-0.135725	0.00170535
3.305e-10	0.525621	-0.151854	0.00525894
3.405e-10	0.536049	-0.174004	0.00264936
3.505e-10	0.537919	-0.191106	-0.00481198
3.605e-10	0.539529	-0.20012	-0.0134565
3.705e-10	0.541807	-0.200694	-0.0233882
3.805e-10	0.54333	-0.187851	-0.0341709
3.905e-10	0.540983	-0.15857	-0.0438808
4.005e-10	0.52872	-0.114614	-0.0512923
4.105e-10	0.505959	-0.0641873	-0.0547394
4.205e-10	0.479451	-0.0127846	-0.0558668
4.305e-10	0.45319	0.03895	-0.0564519
4.405e-10	0.428716	0.0922788	-0.0546109
4.505e-10	0.408366	0.147583	-0.049654
4.605e-10	0.391849	0.198183	-0.0450444
4.705e-10	0.375286	0.235196	-0.0426619
4.805e-10	0.357666	0.254125	-0.0401021
4.905e-10	0.33969	0.260336	-0.0353486
5.005e-10	0.321298	0.26539	-0.0292336
5.105e-10	0.29962	0.276391	-0.0243121
5.205e-10	0.273204	0.295221	-0.0215294
5.305e-10	0.245495	0.318654	-0.0204196
5.405e-10	0.222409	0.34335	-0.0200274
5.505e-10	0.208019	0.369913	-0.0189934
5.605e-10	0.200745	0.399658	-0.0187945
5.705e-10	0.197976	0.428958	-0.0198345
5.805e-10	0.19659	0.45302	-0.0209704
5.905e-10	0.191706	0.471229	-0.0214876
6.005e-10	0.178694	0.486159	-0.0220343
6.105e-10	0.154855	0.499709	-0.0232816
6.205e-10	0.122568	0.511947	-0.0240559
6.305e-10	0.0854721	0.521243	-0.025816
6.405e-10	0.042663	0.523266	-0.0313129
6.505e-10	-0.00663023	0.514163	-0.0381556
6.605e-10	-0.0579301	0.493015	-0.0431486
6.705e-10	-0.10399	0.462915	-0.0435649
6.805e-10	-0.139983	0.431724	-0.0395029
6.905e-10	-0.168116	0.406965	-0.0338749
7.005e-10	-0.191719	0.393483	-0.0281576
7.105e-10	-0.213019	0.39053	-0.0241614
7.205e-10	-0.235136	0.390736	-0.0232364
7.305e-10	-0.261081	0.390543	-0.0257079
7.405e-10	-0.292015	0.38781	-0.0301944
7.505e-10	-0.327476	0.381168	-0.0327551
7.605e-10	-0.365301	0.372883	-0.0328939
7.705e-10	-0.40183	0.362959	-0.0342496
7.805e-10	-0.433921	0.348198	-0.0381376
7.905e-10	-0.46134	0.326919	-0.0422335
8.005e-10	-0.485681	0.300549	-0.0425408
8.105e-10	-0.508014	0.275144	-0.0384388
8.205e-10	-0.529116	0.255993	-0.0326936
8.305e-10	-0.54934	0.242739	-0.0272416
8.405e-10	-0.56718	0.233528	-0.0220885
8.505e-10	-0.581559	0.229791	-0.0183419
8.605e-10	-0.595083	0.22935	-0.0158322
8.705e-10	-0.609728	0.229198	-0.0142059
8.805e-10	-0.62521	0.226736	-0.0149174
8.905e-10	-0.64194	0.21924	-0.0175633
9.005e-10	-0.659271	0.206123	-0.0203806
9.105e-10	-0.675684	0.188519	-0.0218607
9.205e-10	-0.691431	0.168521	-0.0214226
9.305e-10	-0.705741	0.14968	-0.0200149
9.405e-10	-0.716616	0.133363	-0.0201654
9.505e-10	-0.722489	0.115983	-0.0233663
9.605e-10	-0.724488	0.0944433	-0.028068
9.705e-10	-0.726713	0.0698726	-0.0316751
9.805e-10	-0.731581	0.0459857	-0.0328986
9.905e-10	-0.738184	0.0252065	-0.0325174
1.0005e-09	-0.744718	0.00663169	-0.0319123
1.0105e-09	-0.75033	-0.0113537	-0.0318923
1.0205e-09	-0.755419	-0.030646	-0.0330028
1.0305e-09	-0.761306	-0.0524031	-0.0340597
1.0405e-09	-0.767559	-0.0748808	-0.0327301
1.0505e-09	-0.77278	-0.0932651	-0.0279849
1.0605e-09	-0.777028	-0.104141	-0.0218638
1.0705e-09	-0.781879	-0.107155	-0.0169663
1.0805e-09	-0.787299	-0.102359	-0.0140989
1.0905e-09	-0.793345	-0.0901401	-0.0127224
1.1005e-09	-0.800686	-0.0725575	-0.0132289
1.1105e-09	-0.810106	-0.0540603	-0.0155565
1.1205e-09	-0.822381	-0.0389519	-0.01902
1.1305e-09	-0.837183	-0.0294513	-0.0218785
1.1405e-09	-0.85202	-0.0243188	-0.0223915
1.1505e-09	-0.865678	-0.020621	-0.0209859
1.1605e-09	-0.878178	-0.0172629	-0.0196484
1.1705e-09	-0.888979	-0.0159798	-0.0202668
1.1805e-09	-0.895441	-0.0199814	-0.0222709
1.1905e-09	-0.893309	-0.0297413	-0.0248241
1.2005e-09	-0.884348	-0.0437993	-0.0282633
1.2105e-09	-0.872919	-0.0641738	-0.0321236
1.2205e-09	-0.861271	-0.0921404	-0.034314
1.2305e-09	-0.851728	-0.125583	-0.034195
1.2405e-09	-0.844099	-0.159638	-0.0324572
1.2505e-09	-0.839174	-0.190889	-0.0278991
1.2605e-09	-0.83766	-0.217913	-0.021797
1.2705e-09	-0.838673	-0.240135	-0.0155399
1.2805e-09	-0.841696	-0.255379	-0.00940459
1.2905e-09	-0.846934	-0.262346	-0.0041431
1.3005e-09	-0.853269	-0.262389	-0.00108862
1.3105e-09	-0.858449	-0.257529	0.000170161
1.3205e-09	-0.861629	-0.247814	0.00164361
1.3305e-09	-0.864571	-0.233396	0.00453405
1.3405e-09	-0.868695	-0.215765	0.00781766
1.3505e-09	-0.873348	-0.196194	0.00963481
1.3605e-09	-0.877126	-0.176651	0.00924831
1.3705e-09	-0.879913	-0.158805	0.00747146
1.3805e-09	-0.881618	-0.143091	0.00504188
1.3905e-09	-0.881529	-0.130741	0.00257589
1.4005e-09	-0.879819	-0.123285	0.000487006
1.4105e-09	-0.877981	-0.120722	-0.00191233
1.4205e-09	-0.875995	-0.123428	-0.00540336
1.4305e-09	-0.873439	-0.131615	-0.00873583
1.4405e-09	-0.871321	-0.143833	-0.010891
1.4505e-09	-0.87079	-0.15779	-0.0119403
1.4605e-09	-0.872015	-0.171555	-0.0119231
1.4705e-09	-0.875269	-0.182728	-0.0107279
1.4805e-09	-0.880626	-0.18912	-0.00847974
1.4905e-09	-0.88783	-0.190268	-0.00596352
1.5005e-09	-0.896338	-0.187704	-0.00409768
1.5105e-09	-0.904841	-0.183176	-0.00314451
1.5205e-09	-0.912071	-0.177704	-0.0031518
1.5305e-09	-0.917696	-0.172415	-0.00391111
1.5405e-09	-0.922274	-0.168006	-0.00530124
1.5505e-09	-0.925865	-0.165126	-0.00749571
1.5605e-09	-0.927619	-0.164966	-0.0103312
1.5705e-09	-0.926681	-0.168123	-0.0130424
1.5805e-09	-0.923295	-0.173935	-0.0148424
1.5905e-09	-0.917911	-0.181028	-0.0155915
1.6005e-09	-0.911651	-0.188388	-0.01542
1.6105e-09	-0.90624	-0.195119	-0.0141909
1.6205e-09	-0.902685	-0.199916	-0.0117078
1.6305e-09	-0.900769	-0.201224	-0.00833278
1.6405e-09	-0.900416	-0.198106	-0.0053047
1.6505e-09	-0.901843	-0.191509	-0.00378365
1.6605e-09	-0.904705	-0.183958	-0.00428391
1.6705e-09	-0.908014	-0.178409	-0.00667112
1.6805e-09	-0.910366	-0.177139	-0.0103366
1.6905e-09	-0.910854	-0.181738	-0.0148854
1.7005e-09	-0.909423	-0.193648	-0.0198013
1.7105e-09	-0.906089	-0.212575	-0.0235608
1.7205e-09	-0.900488	-0.23548	-0.0249375
1.7305e-09	-0.892983	-0.258546	-0.0240688
1.7405e-09	-0.88496	-0.279288	-0.0219541
1.7505e-09	-0.8775	-0.296874	-0.019671
1.7605e-09	-0.871385	-0.31174	-0.0178583
1.7705e-09	-0.867289	-0.324688	-0.0166008
1.7805e-09	-0.86516	-0.336211	-0.0154068
1.7905e-09	-0.864556	-0.34594	-0.0135841
1.8005e-09	-0.864845	-0.352614	-0.0112212
1.8105e-09	-0.865129	-0.35482	-0.00894105
1.8205e-09	-0.864778	-0.352156	-0.00703784
1.8305e-09	-0.864014	-0.345795	-0.00531945
1.8405e-09	-0.863104	-0.337033	-0.00356476
1.8505e-09	-0.862288	-0.326293	-0.00175581
1.8605e-09	-0.86219	-0.3135	-0.000182879
1.8705e-09	-0.864491	-0.300193	0.000494396
1.8805e-09	-0.870306	-0.288401	-0.000353254
1.8905e-09	-0.87801	-0.279281	-0.00248723
1.9005e-09	-0.884726	-0.273157	-0.00449284
1.9105e-09	-0.888715	-0.269428	-0.00561834
1.9205e-09	-0.889586	-0.26646	-0.00599208
1.9305e-09	-0.888481	-0.263786	-0.00604014
1.9405e-09	-0.886916	-0.262081	-0.00601726
1.9505e-09	-0.885171	-0.261201	-0.00556126
1.9605e-09	-0.88303	-0.259779	-0.00500456
1.9705e-09	-0.881061	-0.257244	-0.00516755
1.9805e-09	-0.880175	-0.253615	-0.00557333
1.9905e-09	-0.880106	-0.248784	-0.00523283
2.0005e-09	-0.88069	-0.242598	-0.00425286
2.0105e-09	-0.881671	-0.235609	-0.00344455
2.0205e-09	-0.882295	-0.229114	-0.00379309
2.0305e-09	-0.882259	-0.22466	-0.00513959
2.0405e-09	-0.883145	-0.223411	-0.00639885
2.0505e-09	-0.885411	-0.225614	-0.00683194
2.0605e-09	-0.887791	-0.229618	-0.00583794
2.0705e-09	-0.890044	-0.232856	-0.00327485
2.0805e-09	-0.894051	-0.233356	0.000422815
2.0905e-09	-0.900863	-0.229544	0.00476144
2.1005e-09	-0.908724	-0.220159	0.00901033
2.1105e-09	-0.914969	-0.204559	0.0130893
2.1205e-09	-0.91756	-0.183013	0.016889
2.1305e-09	-0.915933	-0.157934	0.0198155
2.1405e-09	-0.911256	-0.132438	0.0212579
2.1505e-09	-0.905961	-0.108347	0.0209563
2.1605e-09	-0.902244	-0.0867078	0.0191955
2.1705e-09	-0.900866	-0.0682295	0.0166364
2.1805e-09	-0.900744	-0.0526133	0.0135311
2.1905e-09	-0.901386	-0.0400506	0.00971415
2.2005e-09	-0.903368	-0.0306018	0.00602936
2.2105e-09	-0.906675	-0.022574	0.00341658
2.2205e-09	-0.910126	-0.0137249	0.00118223
2.2305e-09	-0.914249	-0.00507601	-0.00219798
2.2405e-09	-0.921956	-0.000373299	-0.00658149
2.2505e-09	-0.934636	-0.00190318	-0.00928319
2.2605e-09	-0.947463	-0.0067863	-0.00904059
2.2705e-09	-0.955625	-0.0111157	-0.00804748
2.2805e-09	-0.958295	-0.0152166	-0.0073838
2.2905e-09	-0.95788	-0.0208961	-0.00704646
2.3005e-09	-0.957936	-0.028864	-0.00687794
2.3105e-09	-0.960181	-0.038435	-0.00663423
2.3205e-09	-0.963705	-0.0477625	-0.00610201
2.3305e-09	-0.96671	-0.0553911	-0.0055156
2.3405e-09	-0.967921	-0.0610673	-0.00483434
2.3505e-09	-0.965885	-0.064819	-0.00417986
2.3605e-09	-0.958266	-0.0677351	-0.00351478
2.3705e-09	-0.946238	-0.0710019	-0.0018092
2.3805e-09	-0.936333	-0.0747369	0.000707223
2.3905e-09	-0.934039	-0.0762385	0.00286254
2.4005e-09	-0.937095	-0.0716725	0.00418105
2.4105e-09	-0.941894	-0.0619445	0.00413336
2.4205e-09	-0.946074	-0.0502824	0.00276202
2.4305e-09	-0.94708	-0.0399555	0.000874346
2.4405e-09	-0.948016	-0.0342305	-0.00092122
2.4505e-09	-0.952921	-0.0341971	-0.00257484
2.4605e-09	-0.95936	-0.0390449	-0.00412171
2.4705e-09	-0.963743	-0.0459905	-0.0047979
2.4805e-09	-0.965019	-0.0509299	-0.00431123
2.4905e-09	-0.963903	-0.0532002	-0.00408265
2.5005e-09	-0.961856	-0.0551164	-0.00489589
2.5105e-09	-0.961263	-0.0588541	-0.00601703
2.5205e-09	-0.962361	-0.064627	-0.00616769
2.5305e-09	-0.963626	-0.0705911	-0.00481689
2.5405e-09	-0.963884	-0.0747302	-0.00309184
2.5505e-09	-0.963015	-0.0769838	-0.00197292
2.5605e-09	-0.961461	-0.0779041	-0.000859935
2.5705e-09	-0.959858	-0.0761376	0.00147851
2.5805e-09	-0.958638	-0.0687534	0.00529745
2.5905e-09	-0.958414	-0.0548155	0.00904578
2.6005e-09	-0.95932	-0.037371	0.0104199
2.6105e-09	-0.961071	-0.0216838	0.00854754
2.6205e-09	-0.963404	-0.011784	0.00422105
2.6305e-09	-0.965674	-0.00953546	-0.000504504
2.6405e-09	-0.967583	-0.0137874	-0.00353475
2.6505e-09	-0.969485	-0.0212434	-0.0042385
2.6605e-09	-0.971704	-0.028782	-0.00335584
2.6705e-09	-0.97406	-0.034622	-0.00168999
2.6805e-09	-0.975626	-0.0384454	0.000254479
2.6905e-09	-0.976025	-0.0402491	0.00219259
2.7005e-09	-0.975446	-0.0400374	0.00367811
2.7105e-09	-0.974418	-0.038776	0.00438586
2.7205e-09	-0.973416	-0.036939	0.00481083
2.7305e-09	-0.973036	-0.0336745	0.00563808
2.7405e-09	-0.973636	-0.0277336	0.00698814
2.7505e-09	-0.974674	-0.0184504	0.00850383
2.7605e-09	-0.975161	-0.00631539	0.00978933
2.7705e-09	-0.974638	0.00739125	0.0105118
2.7805e-09	-0.973156	0.0217569	0.0104
2.7905e-09	-0.971103	0.0358296	0.00919134
2.8005e-09	-0.968796	0.0478046	0.00697479
2.8105e-09	-0.966259	0.0558694	0.00453748
2.8205e-09	-0.963195	0.0598906	0.00255561
2.8305e-09	-0.959379	0.0607874	0.00084985
2.8405e-09	-0.955611	0.0593356	-0.000777724
2.8505e-09	-0.953348	0.056464	-0.00181766
2.8605e-09	-0.9532	0.0534833	-0.00181038
2.8705e-09	-0.95466	0.0516773	-0.00120087
2.8805e-09	-0.956983	0.0514755	-0.000963818
2.8905e-09	-0.959829	0.0520168	-0.00139748
2.9005e-09	-0.962923	0.0519102	-0.0019088
2.9105e-09	-0.965518	0.0502861	-0.00206494
2.9205e-09	-0.966934	0.046896	-0.00207095
2.9305e-09	-0.967209	0.0418476	-0.00218185
2.9405e-09	-0.966534	0.0356346	-0.00214313
2.9505e-09	-0.965013	0.0294821	-0.00136989
2.9605e-09	-0.962871	0.0252095	0.000200986
2.9705e-09	-0.960341	0.0240669	0.00198593
2.9805e-09	-0.957655	0.0259819	0.00338428
2.9905e-09	-0.955109	0.0299668	0.00418076
